0 0.73828125 0.1125 0.1453125 0.146875
0 0.87578125 0.203125 0.1609375 0.2328125
0 0.61328125 0.20546875 0.1671875 0.1765625
0 0.65078125 0.07890625 0.125 0.1296875
0 0.52265625 0.07578125 0.1171875 0.1515625
0 0.4546875 0.2625 0.15625 0.20625
0 0.31953125 0.46328125 0.1890625 0.2640625
0 0.43359375 0.53203125 0.1390625 0.1859375
0 0.16484375 0.8328125 0.15625 0.1921875
0 0.190625 0.70859375 0.15 0.2359375
0 0.28828125 0.7734375 0.13125 0.1734375
0 0.02265625 0.73046875 0.0453125 0.2640625
0 0.059375 0.7890625 0.11875 0.2
0 0.425 0.88125 0.171875 0.2375
0 0.396875 0.7296875 0.128125 0.20625
0 0.60859375 0.98125 0.1234375 0.0375
0 0.5578125 0.8546875 0.190625 0.290625
0 0.534375 0.803125 0.1375 0.203125
0 0.48828125 0.70625 0.1328125 0.1703125
0 0.7390625 0.79921875 0.1796875 0.1875
0 0.6375 0.509375 0.19375 0.240625
0 0.7390625 0.53359375 0.1875 0.2578125
0 0.04375 0.43046875 0.0875 0.1734375
0 0.15703125 0.37109375 0.209375 0.284375
0 0.3140625 0.209375 0.146875 0.1875
0 0.2328125 0.2625 0.1609375 0.303125
0 0.30625 0.0453125 0.15625 0.090625