0 0.84609375 0.921875 0.13125 0.059375
0 0.8421875 0.8828125 0.1890625 0.046875
0 0.55625 0.775 0.1078125 0.0375
0 0.5265625 0.76640625 0.0859375 0.0328125
0 0.5625 0.74140625 0.115625 0.03125
0 0.56640625 0.6734375 0.0984375 0.0296875
0 0.5015625 0.709375 0.0421875 0.0265625
0 0.578125 0.7234375 0.1171875 0.028125
0 0.578125 0.703125 0.0859375 0.0265625
0 0.8640625 0.046875 0.1578125 0.0453125
0 0.571875 0.18515625 0.0765625 0.028125
0 0.53203125 0.2375 0.0890625 0.0265625
0 0.57109375 0.20390625 0.0765625 0.0296875
0 0.459375 0.30546875 0.065625 0.0171875
0 0.45859375 0.271875 0.0453125 0.0203125
0 0.51796875 0.28671875 0.0765625 0.021875
0 0.47734375 0.2953125 0.0875 0.0203125
0 0.4890625 0.240625 0.034375 0.0140625
0 0.5265625 0.26171875 0.075 0.0203125
0 0.446875 0.67578125 0.075 0.01875
0 0.36328125 0.44375 0.0578125 0.021875
0 0.3609375 0.66171875 0.0640625 0.021875
0 0.38046875 0.3671875 0.05625 0.01875
0 0.38203125 0.34921875 0.059375 0.021875
0 0.32265625 0.59921875 0.04375 0.0140625
0 0.31328125 0.6578125 0.05625 0.0140625