0 0.4875 0.56953125 0.01015625 0.0421875
0 0.49453125 0.5734375 0.01015625 0.02421875
0 0.3703125 0.53046875 0.0109375 0.03671875
0 0.3859375 0.53359375 0.00703125 0.04140625
0 0.36796875 0.45703125 0.00703125 0.025
0 0.37265625 0.46484375 0.00625 0.02890625
0 0.37734375 0.46171875 0.00703125 0.02578125
0 0.1765625 0.47578125 0.00625 0.025
0 0.1875 0.475 0.0109375 0.025
0 0.2125 0.47734375 0.00625 0.028125
0 0.19453125 0.4734375 0.00546875 0.028125
0 0.1984375 0.47734375 0.00625 0.02890625
0 0.165625 0.5109375 0.0109375 0.0328125
0 0.17421875 0.51171875 0.0109375 0.0328125
0 0.17421875 0.49609375 0.0109375 0.01171875
0 0.178125 0.4546875 0.0109375 0.01875