0 0.484375 0.5734375 0.00859375 0.04453125
0 0.14375 0.5125 0.015625 0.0390625
0 0.22109375 0.43984375 0.00859375 0.03046875
0 0.375 0.52734375 0.0109375 0.0375
0 0.3890625 0.53046875 0.0125 0.03671875
0 0.20078125 0.4484375 0.0109375 0.0296875
0 0.36875 0.4234375 0.00859375 0.03046875
0 0.49375 0.575 0.0078125 0.0296875
0 0.178125 0.4796875 0.01171875 0.03671875
0 0.1671875 0.49140625 0.00859375 0.034375
0 0.21171875 0.4171875 0.00859375 0.0171875
0 0.38515625 0.42265625 0.00703125 0.028125
0 0.3765625 0.41953125 0.0078125 0.02109375
0 0.18046875 0.45 0.01015625 0.03203125
0 0.175 0.42109375 0.0078125 0.02421875