0 0.89296875 0.29765625 0.2140625 0.2890625
0 0.9375 0.35859375 0.125 0.2265625
0 0.8875 0.13984375 0.1375 0.1453125
0 0.73359375 0.11640625 0.140625 0.16875
0 0.634375 0.078125 0.121875 0.1359375
0 0.41796875 0.0328125 0.1015625 0.065625
0 0.20703125 0.29296875 0.203125 0.25625
0 0.09140625 0.20625 0.11875 0.2296875
0 0.521875 0.1328125 0.140625 0.234375
0 0.353125 0.0734375 0.134375 0.146875
0 0.4015625 0.2125 0.1734375 0.2796875
0 0.4359375 0.54921875 0.11875 0.1296875
0 0.634375 0.3 0.13125 0.1421875
0 0.56640625 0.3828125 0.175 0.221875
0 0.33359375 0.440625 0.215625 0.2375
0 0.2640625 0.46875 0.125 0.2328125
0 0.18984375 0.6125 0.1734375 0.1875
0 0.04921875 0.578125 0.0984375 0.2
0 0.04375 0.775 0.0875 0.259375
0 0.109375 0.75 0.128125 0.178125
0 0.19921875 0.75546875 0.128125 0.1578125
0 0.6625 0.49140625 0.1421875 0.2234375
0 0.90703125 0.56171875 0.1859375 0.1953125
0 0.92109375 0.721875 0.1109375 0.1609375
0 0.80078125 0.7046875 0.184375 0.1640625
0 0.7484375 0.4203125 0.1265625 0.1625
0 0.75703125 0.5515625 0.1640625 0.1875
0 0.66328125 0.715625 0.15 0.1734375
0 0.55 0.55625 0.134375 0.18125
0 0.56171875 0.66796875 0.125 0.16875
0 0.6375 0.9484375 0.171875 0.103125
0 0.521875 0.96328125 0.109375 0.0734375
0 0.40859375 0.91015625 0.1484375 0.1796875
0 0.2546875 0.9203125 0.1765625 0.10625