0 0.4296875 0.46875 0.0421875 0.0171875
0 0.5625 0.15234375 0.040625 0.0296875
0 0.615625 0.2390625 0.034375 0.015625
0 0.503125 0.3703125 0.034375 0.0125
0 0.4953125 0.38671875 0.0421875 0.0203125
0 0.61875 0.1984375 0.0296875 0.015625
0 0.61953125 0.2140625 0.034375 0.01875
0 0.65 0.20546875 0.03125 0.015625
0 0.60390625 0.3875 0.0359375 0.0140625
0 0.60703125 0.40234375 0.0296875 0.015625
0 0.42578125 0.478125 0.028125 0.0125
0 0.58671875 0.18984375 0.0390625 0.0203125
0 0.584375 0.17890625 0.0203125 0.0140625