0 0.50703125 0.56171875 0.184375 0.3015625
0 0.53671875 0.796875 0.2234375 0.2953125
0 0.76484375 0.80546875 0.184375 0.29375
0 0.92734375 0.27578125 0.1453125 0.1984375
0 0.3359375 0.871875 0.1421875 0.215625
0 0.24296875 0.7609375 0.1484375 0.20625
0 0.24453125 0.8859375 0.121875 0.1453125
0 0.14609375 0.85546875 0.175 0.16875
0 0.0546875 0.815625 0.109375 0.184375
0 0.1515625 0.6890625 0.184375 0.2125
0 0.0625 0.49296875 0.125 0.2515625
0 0.20703125 0.47578125 0.1171875 0.159375
0 0.16328125 0.428125 0.1546875 0.175
0 0.36484375 0.53125 0.128125 0.1828125
0 0.4453125 0.44296875 0.159375 0.2265625
0 0.6203125 0.5625 0.128125 0.1484375
0 0.71953125 0.5015625 0.15625 0.1921875
0 0.66171875 0.37890625 0.1609375 0.215625
0 0.59921875 0.24140625 0.1453125 0.215625
0 0.70625 0.1671875 0.159375 0.2421875
0 0.67890625 0.08046875 0.11875 0.1203125
0 0.4484375 0.1609375 0.140625 0.2015625
0 0.3359375 0.2359375 0.225 0.265625
0 0.26796875 0.103125 0.1796875 0.20625
0 0.1703125 0.04453125 0.153125 0.0890625
0 0.1453125 0.0921875 0.153125 0.184375
0 0.1234375 0.271875 0.2 0.2234375