0 0.9421875 0.4234375 0.115625 0.125
0 0.90234375 0.2625 0.1953125 0.121875
0 0.815625 0.50546875 0.1546875 0.14375
0 0.94453125 0.51796875 0.1109375 0.1078125
0 0.9109375 0.64140625 0.1625 0.0890625
0 0.703125 0.63046875 0.1921875 0.1234375
0 0.46640625 0.68125 0.246875 0.1453125
0 0.4453125 0.54921875 0.1734375 0.109375
0 0.0765625 0.68515625 0.153125 0.1265625
0 0.190625 0.709375 0.2265625 0.109375
0 0.1671875 0.59375 0.1609375 0.103125
0 0.10546875 0.9109375 0.2109375 0.11875
0 0.0765625 0.8140625 0.153125 0.115625
0 0.11484375 0.42578125 0.2296875 0.13125
0 0.2484375 0.509375 0.1984375 0.0921875
0 0.0625 0.20625 0.084375 0.1125
0 0.1734375 0.30546875 0.3234375 0.1296875
0 0.23203125 0.3546875 0.1921875 0.103125
0 0.30390625 0.43359375 0.1578125 0.10625
0 0.31171875 0.165625 0.1640625 0.153125
0 0.54296875 0.36875 0.2203125 0.15625
0 0.5578125 0.265625 0.240625 0.1453125
0 0.38828125 0.95859375 0.165625 0.08125
0 0.490625 0.86640625 0.265625 0.1625
0 0.7 0.78125 0.171875 0.1171875
0 0.6203125 0.83671875 0.3 0.103125
0 0.89140625 0.865625 0.165625 0.128125