0 0.99140625 0.7359375 0.0171875 0.03125
0 0.9375 0.72890625 0.0453125 0.028125
0 0.88359375 0.6765625 0.0390625 0.028125
0 0.83984375 0.77734375 0.028125 0.028125
0 0.790625 0.41171875 0.0453125 0.025
0 0.75078125 0.30078125 0.03125 0.021875
0 0.7578125 0.565625 0.0234375 0.0140625
0 0.85 0.63125 0.028125 0.034375
0 0.80859375 0.6828125 0.0296875 0.01875
0 0.7171875 0.66796875 0.021875 0.0171875
0 0.71015625 0.578125 0.021875 0.01875
0 0.72890625 0.5328125 0.0296875 0.01875
0 0.82890625 0.5734375 0.0328125 0.0421875
0 0.70390625 0.484375 0.03125 0.021875
0 0.64140625 0.38515625 0.0328125 0.01875
0 0.70625 0.159375 0.0375 0.021875
0 0.7 0.3375 0.0328125 0.025
0 0.66171875 0.3671875 0.0328125 0.0171875
0 0.7078125 0.4078125 0.0328125 0.0421875
0 0.67421875 0.378125 0.034375 0.021875
0 0.63984375 0.303125 0.028125 0.0140625
0 0.75859375 0.4015625 0.028125 0.025
0 0.76484375 0.378125 0.0328125 0.01875
0 0.71953125 0.3953125 0.025 0.021875
0 0.71875 0.375 0.028125 0.0234375