0 0.675 0.54921875 0.0171875 0.0125
0 0.7296875 0.54609375 0.025 0.0109375
0 0.6171875 0.71953125 0.025 0.015625
0 0.61015625 0.72890625 0.025 0.0109375
0 0.69140625 0.57421875 0.025 0.0109375
0 0.7796875 0.36953125 0.0171875 0.009375
0 0.7671875 0.353125 0.0109375 0.0078125
0 0.7703125 0.54140625 0.0203125 0.0109375
0 0.8140625 0.46015625 0.0171875 0.009375
0 0.89140625 0.459375 0.0171875 0.009375
0 0.8953125 0.465625 0.0171875 0.009375
0 0.89609375 0.48828125 0.0125 0.0078125
0 0.89296875 0.4734375 0.0171875 0.009375
0 0.91171875 0.6109375 0.0171875 0.009375
0 0.91484375 0.61640625 0.015625 0.009375
0 0.9125 0.59765625 0.0125 0.0078125