0 0.87109375 0.45078125 0.165625 0.10625
0 0.7578125 0.55390625 0.196875 0.09375
0 0.92890625 0.534375 0.1421875 0.103125
0 0.66015625 0.4 0.171875 0.096875
0 0.68515625 0.29609375 0.159375 0.128125
0 0.5609375 0.25 0.15625 0.1390625
0 0.58203125 0.12734375 0.1875 0.125
0 0.3203125 0.23515625 0.16875 0.0875
0 0.47265625 0.6125 0.1671875 0.13125
0 0.87578125 0.728125 0.2484375 0.1
0 0.58671875 0.70390625 0.2046875 0.0953125
0 0.2765625 0.31171875 0.190625 0.08125
0 0.45859375 0.0734375 0.1109375 0.146875
0 0.33125 0.128125 0.165625 0.15625
0 0.175 0.1 0.165625 0.18125
0 0.12734375 0.2796875 0.1265625 0.1359375
0 0.05390625 0.4046875 0.1078125 0.10625
0 0.3703125 0.3828125 0.125 0.103125
0 0.271875 0.43828125 0.1109375 0.1
0 0.13515625 0.478125 0.15625 0.1078125
0 0.303125 0.54609375 0.115625 0.0796875
0 0.2625 0.6328125 0.18125 0.10625
0 0.09453125 0.67265625 0.146875 0.1125
0 0.41015625 0.91171875 0.1515625 0.1375
0 0.60546875 0.8375 0.225 0.171875
0 0.56953125 0.95625 0.1640625 0.0875
0 0.18359375 0.76171875 0.146875 0.0921875
0 0.3671875 0.79453125 0.1296875 0.1171875
0 0.13671875 0.86484375 0.178125 0.11875