0 0.290625 0.0546875 0.121875 0.109375
0 0.3984375 0.06328125 0.13125 0.1265625
0 0.4671875 0.15703125 0.1265625 0.1875
0 0.34765625 0.2359375 0.146875 0.2078125
0 0.1859375 0.0359375 0.1125 0.071875
0 0.09453125 0.27109375 0.159375 0.2203125
0 0.2 0.41015625 0.2 0.21875
0 0.16484375 0.52734375 0.1703125 0.225
0 0.25859375 0.61484375 0.1546875 0.2
0 0.4578125 0.4078125 0.1140625 0.1859375
0 0.3609375 0.5078125 0.16875 0.203125
0 0.36171875 0.69609375 0.140625 0.1984375
0 0.4328125 0.8125 0.1171875 0.1984375
0 0.41015625 0.94765625 0.1 0.1
0 0.2796875 0.89609375 0.1015625 0.1640625
0 0.0984375 0.825 0.1828125 0.2
0 0.6328125 0.11484375 0.1375 0.2140625
0 0.5390625 0.28359375 0.11875 0.19375
0 0.6578125 0.3109375 0.109375 0.1796875
0 0.60390625 0.3296875 0.1328125 0.1890625
0 0.725 0.27890625 0.140625 0.2828125
0 0.85234375 0.13203125 0.134375 0.1875
0 0.7890625 0.46640625 0.2234375 0.25625
0 0.62890625 0.575 0.1671875 0.171875
0 0.71796875 0.7015625 0.1453125 0.175
0 0.83359375 0.96875 0.1078125 0.0625
0 0.7265625 0.94765625 0.115625 0.1046875
0 0.50078125 0.9703125 0.0984375 0.059375