0 0.484375 0.57578125 0.00703125 0.03828125
0 0.17890625 0.4796875 0.01171875 0.0359375
0 0.1703125 0.49375 0.0109375 0.034375
0 0.14453125 0.51328125 0.01640625 0.03828125
0 0.37265625 0.52578125 0.00703125 0.0359375
0 0.390625 0.525 0.0078125 0.0375
0 0.3640625 0.41796875 0.00703125 0.02890625
0 0.37421875 0.41484375 0.0078125 0.02578125
0 0.38125 0.41796875 0.0078125 0.0265625
0 0.18125 0.44609375 0.00703125 0.02890625
0 0.22109375 0.43984375 0.0078125 0.03515625
0 0.19609375 0.44296875 0.01171875 0.0328125
0 0.203125 0.41875 0.00703125 0.034375
0 0.2125 0.4203125 0.009375 0.03046875
0 0.18046875 0.4125 0.00703125 0.03046875
0 0.490625 0.57578125 0.0109375 0.02890625