0 0.91796875 0.034375 0.1640625 0.06875
0 0.95390625 0.18046875 0.0921875 0.1
0 0.85390625 0.3484375 0.15 0.11171875
0 0.940625 0.428125 0.11796875 0.0859375
0 0.22734375 0.159375 0.1734375 0.12578125
0 0.1203125 0.35703125 0.240625 0.1296875
0 0.17265625 0.4484375 0.25078125 0.11015625
0 0.05078125 0.55390625 0.1015625 0.07734375
0 0.36640625 0.52890625 0.21796875 0.14375
0 0.03984375 0.77578125 0.0796875 0.0890625
0 0.14609375 0.71640625 0.17109375 0.1359375
0 0.359375 0.6515625 0.1609375 0.12109375
0 0.3140625 0.94375 0.209375 0.1125
0 0.2296875 0.8453125 0.18828125 0.09140625
0 0.3546875 0.7640625 0.21328125 0.10234375
0 0.4171875 0.84609375 0.14296875 0.121875
0 0.35703125 0.38046875 0.23515625 0.159375
0 0.45078125 0.25234375 0.2015625 0.134375
0 0.575 0.4171875 0.16484375 0.090625
0 0.66953125 0.28203125 0.19296875 0.1203125
0 0.753125 0.53125 0.16171875 0.06875
0 0.80390625 0.61953125 0.190625 0.103125
0 0.60546875 0.58984375 0.16875 0.103125
0 0.640625 0.93828125 0.16875 0.12265625
0 0.68828125 0.8171875 0.16640625 0.13046875
0 0.85 0.76328125 0.1328125 0.103125
0 0.94296875 0.7265625 0.1140625 0.084375
0 0.946875 0.8140625 0.10546875 0.08046875
0 0.86484375 0.8703125 0.20390625 0.1265625
0 0.7765625 0.90625 0.19921875 0.059375