0 0.51015625 0.4265625 0.0109375 0.04375
0 0.50078125 0.4265625 0.009375 0.028125
0 0.60859375 0.4625 0.0125 0.0390625
0 0.6234375 0.4640625 0.0140625 0.034375
0 0.8328125 0.4828125 0.0125 0.034375
0 0.8515625 0.4640625 0.0140625 0.034375
0 0.8234375 0.49296875 0.0109375 0.0375
0 0.821875 0.5265625 0.009375 0.028125
0 0.8046875 0.534375 0.009375 0.03125
0 0.81640625 0.53671875 0.0078125 0.03125
0 0.61796875 0.56484375 0.009375 0.028125
0 0.6359375 0.5640625 0.009375 0.025
0 0.628125 0.56171875 0.0109375 0.025