0 0.840625 0.40546875 0.021875 0.0390625
0 0.825 0.428125 0.01875 0.0390625
0 0.81796875 0.4359375 0.01875 0.0421875
0 0.61875 0.45 0.0171875 0.0328125
0 0.6 0.44375 0.0234375 0.040625
0 0.49765625 0.42578125 0.01875 0.046875
0 0.4875 0.42421875 0.015625 0.03125
0 0.8046875 0.47421875 0.0140625 0.0296875
0 0.821875 0.471875 0.015625 0.034375
0 0.7953125 0.496875 0.0140625 0.0296875
0 0.6453125 0.53515625 0.015625 0.0328125
0 0.6359375 0.5390625 0.015625 0.028125
0 0.62734375 0.5421875 0.015625 0.0296875