0 0.87578125 0.0125 0.0421875 0.025
0 0.7859375 0.0765625 0.0390625 0.0515625
0 0.91328125 0.16171875 0.046875 0.04375
0 0.72265625 0.29609375 0.0328125 0.034375
0 0.765625 0.1796875 0.028125 0.0375
0 0.65390625 0.325 0.0328125 0.03125
0 0.615625 0.13828125 0.05625 0.0421875
0 0.7234375 0.11328125 0.0609375 0.0484375
0 0.6125 0.22421875 0.040625 0.034375
0 0.58828125 0.18359375 0.034375 0.040625
0 0.50390625 0.2875 0.028125 0.040625
0 0.55234375 0.26015625 0.0453125 0.040625
0 0.42109375 0.2703125 0.028125 0.0390625
0 0.43203125 0.16015625 0.04375 0.04375
0 0.425 0.20390625 0.0359375 0.05
0 0.1078125 0.21875 0.0328125 0.04375
0 0.39296875 0.1984375 0.03125 0.0421875
0 0.34296875 0.2671875 0.028125 0.0421875
0 0.38984375 0.31796875 0.0265625 0.0328125
0 0.3703125 0.3140625 0.0265625 0.0328125
0 0.3109375 0.37578125 0.028125 0.0359375
0 0.278125 0.32734375 0.021875 0.0328125