0 0.4875 0.38203125 0.1828125 0.2546875
0 0.37265625 0.47734375 0.134375 0.28125
0 0.42265625 0.56875 0.090625 0.1390625
0 0.54453125 0.1953125 0.1109375 0.2453125
0 0.6375 0.390625 0.15625 0.153125
0 0.82578125 0.31171875 0.1484375 0.1796875
0 0.66953125 0.1390625 0.1265625 0.278125
0 0.41953125 0.03828125 0.071875 0.071875
0 0.31171875 0.17265625 0.128125 0.2109375
0 0.16328125 0.21640625 0.0953125 0.19375
0 0.0703125 0.25859375 0.140625 0.2390625
0 0.10546875 0.44140625 0.1046875 0.1453125
0 0.278125 0.33125 0.1203125 0.2359375
0 0.7359375 0.53203125 0.1265625 0.225
0 0.95546875 0.81171875 0.0890625 0.2015625
0 0.6734375 0.89765625 0.128125 0.1640625
0 0.69921875 0.715625 0.128125 0.1234375
0 0.60625 0.65703125 0.140625 0.175
0 0.575 0.9421875 0.0875 0.1140625
0 0.45390625 0.80390625 0.096875 0.190625
0 0.365625 0.878125 0.11875 0.2328125
0 0.2625 0.95078125 0.08125 0.0984375
0 0.2265625 0.84140625 0.1078125 0.1703125
0 0.13984375 0.88359375 0.1390625 0.1953125
0 0.20859375 0.64765625 0.153125 0.1421875
0 0.1046875 0.7296875 0.1015625 0.2171875
0 0.17421875 0.934375 0.0921875 0.13125
0 0.11015625 0.5703125 0.209375 0.1578125