0 0.690625 0.56953125 0.04375 0.015625
0 0.61328125 0.590625 0.040625 0.015625
0 0.66171875 0.5484375 0.04375 0.015625
0 0.65546875 0.49921875 0.040625 0.0140625
0 0.74140625 0.44296875 0.0375 0.0140625
0 0.61484375 0.4609375 0.0359375 0.0125
0 0.61796875 0.46953125 0.034375 0.0125
0 0.74140625 0.434375 0.0328125 0.0140625
0 0.81640625 0.4203125 0.040625 0.015625
0 0.525 0.47265625 0.0375 0.0125
0 0.50234375 0.48515625 0.028125 0.0109375
0 0.52265625 0.59296875 0.0359375 0.015625
0 0.56796875 0.45625 0.0359375 0.015625
0 0.403125 0.58984375 0.034375 0.0109375
0 0.40390625 0.584375 0.0296875 0.009375
0 0.4734375 0.4828125 0.03125 0.0109375
0 0.48984375 0.475 0.034375 0.0140625
0 0.50234375 0.46640625 0.0375 0.0140625
0 0.48359375 0.590625 0.03125 0.0109375
0 0.3484375 0.49609375 0.028125 0.0109375
0 0.28984375 0.58125 0.0296875 0.0125
0 0.23984375 0.51484375 0.0296875 0.009375
0 0.2234375 0.57734375 0.0234375 0.0109375