0 0.52421875 0.56640625 0.0171875 0.04375
0 0.51796875 0.57109375 0.0140625 0.0265625
0 0.6328125 0.5078125 0.0171875 0.0390625
0 0.61796875 0.51328125 0.0125 0.040625
0 0.62265625 0.434375 0.0109375 0.025
0 0.61953125 0.44296875 0.0109375 0.028125
0 0.6140625 0.440625 0.0109375 0.025
0 0.8140625 0.4203125 0.0109375 0.025
0 0.803125 0.42109375 0.015625 0.0265625
0 0.77890625 0.428125 0.0109375 0.028125
0 0.79609375 0.42109375 0.0109375 0.028125
0 0.79296875 0.425 0.0109375 0.028125
0 0.83125 0.45234375 0.0171875 0.034375
0 0.82265625 0.4546875 0.0171875 0.034375
0 0.8203125 0.43984375 0.0125 0.0140625
0 0.809375 0.39921875 0.0140625 0.0203125