0 0.59921875 0.90625 0.0421875 0.0328125
0 0.596875 0.7796875 0.0390625 0.0265625
0 0.621875 0.4734375 0.0421875 0.021875
0 0.7515625 0.58828125 0.0609375 0.0375
0 0.7015625 0.378125 0.034375 0.0171875
0 0.8578125 0.80546875 0.0703125 0.08125
0 0.71171875 0.27578125 0.025 0.0171875
0 0.74609375 0.24140625 0.0265625 0.015625
0 0.8265625 0.446875 0.0484375 0.0328125
0 0.76015625 0.35078125 0.040625 0.0265625
0 0.91640625 0.2890625 0.05625 0.0390625
0 0.746875 0.38515625 0.046875 0.0296875
0 0.87421875 0.43203125 0.05 0.0703125
0 0.9078125 0.40390625 0.0609375 0.0390625
0 0.79140625 0.21328125 0.05 0.0265625
0 0.73984375 0.33125 0.0375 0.0234375
0 0.79375 0.60859375 0.05 0.0640625
0 0.83125 0.1828125 0.05 0.0328125
0 0.81953125 0.1625 0.046875 0.0296875
0 0.69921875 0.38125 0.025 0.0140625
0 0.77421875 0.36796875 0.03125 0.0265625
0 0.79140625 0.36796875 0.040625 0.0265625
0 0.66171875 0.73125 0.025 0.0234375