0 0.97421875 0.734375 0.0515625 0.1375
0 0.95390625 0.73984375 0.090625 0.190625
0 0.78046875 0.4875 0.0609375 0.1109375
0 0.76484375 0.46171875 0.0515625 0.0890625
0 0.74921875 0.50234375 0.0578125 0.115625
0 0.684375 0.521875 0.0515625 0.1
0 0.70390625 0.45078125 0.0359375 0.046875
0 0.73515625 0.521875 0.0546875 0.1171875
0 0.715625 0.5265625 0.0453125 0.0875
0 0.1484375 0.94140625 0.08125 0.1171875
0 0.2125 0.64609375 0.0453125 0.0796875
0 0.25234375 0.59453125 0.046875 0.090625
0 0.2296875 0.640625 0.046875 0.0796875
0 0.3015625 0.5078125 0.0328125 0.0671875
0 0.26875 0.51484375 0.03125 0.046875
0 0.29765625 0.56953125 0.040625 0.0765625
0 0.29609375 0.52734375 0.040625 0.0875
0 0.2453125 0.55234375 0.021875 0.0359375
0 0.27578125 0.58359375 0.0375 0.075
0 0.6578125 0.40625 0.0375 0.0765625
0 0.41171875 0.38046875 0.034375 0.059375
0 0.6234375 0.32578125 0.0359375 0.065625
0 0.3421875 0.415625 0.03125 0.0578125
0 0.325 0.421875 0.034375 0.0609375
0 0.55390625 0.30390625 0.025 0.0453125
0 0.6078125 0.28046875 0.0265625 0.05625