0 0.21640625 0.19921875 0.053125 0.1328125
0 0.15703125 0.0796875 0.040625 0.0578125
0 0.2625 0.128125 0.04375 0.0765625
0 0.2015625 0.25859375 0.0359375 0.0984375
0 0.06953125 0.26796875 0.028125 0.059375
0 0.3390625 0.52890625 0.01875 0.0453125
0 0.234375 0.11015625 0.040625 0.0734375
0 0.21015625 0.30546875 0.01875 0.0421875
0 0.29609375 0.15703125 0.0390625 0.06875
0 0.31328125 0.15859375 0.0359375 0.0640625
0 0.23359375 0.415625 0.0296875 0.053125
0 0.33203125 0.2015625 0.03125 0.078125
0 0.33984375 0.1734375 0.034375 0.0625
0 0.3640625 0.2078125 0.034375 0.09375
0 0.39609375 0.18671875 0.034375 0.075
0 0.43046875 0.2296875 0.0375 0.0578125
0 0.4125 0.19296875 0.0265625 0.0484375
0 0.27265625 0.4140625 0.0359375 0.0515625
0 0.2625 0.35703125 0.03125 0.0890625
0 0.44375 0.26796875 0.0234375 0.0453125
0 0.0640625 0.44609375 0.0296875 0.0703125
0 0.1328125 0.4859375 0.03125 0.06875
0 0.15234375 0.47734375 0.0234375 0.0609375
0 0.46171875 0.234375 0.0234375 0.0453125
0 0.5609375 0.28515625 0.021875 0.0390625
0 0.603125 0.29921875 0.0265625 0.053125
0 0.46640625 0.3625 0.0265625 0.0625
0 0.47734375 0.33125 0.0328125 0.0796875
0 0.46015625 0.3765625 0.021875 0.0546875
0 0.475 0.42109375 0.015625 0.03125
0 0.4765625 0.40390625 0.0171875 0.0296875
0 0.6265625 0.32265625 0.021875 0.0359375
0 0.61328125 0.321875 0.021875 0.0390625
0 0.0984375 0.55078125 0.0203125 0.0484375
0 0.3234375 0.56953125 0.015625 0.0390625
0 0.4109375 0.5484375 0.015625 0.0359375
0 0.3078125 0.578125 0.015625 0.0296875
0 0.31171875 0.60859375 0.0125 0.0234375
0 0.3203125 0.6046875 0.0140625 0.025
0 0.34609375 0.57109375 0.01875 0.028125
0 0.35078125 0.590625 0.0140625 0.025
0 0.4921875 0.5015625 0.0171875 0.0453125
0 0.653125 0.36328125 0.025 0.034375
0 0.64765625 0.32890625 0.0234375 0.0484375
0 0.66328125 0.37578125 0.0234375 0.04375
0 0.75078125 0.4703125 0.021875 0.0421875
0 0.765625 0.45859375 0.0203125 0.0328125
0 0.7625 0.47109375 0.0140625 0.0234375
0 0.771875 0.478125 0.015625 0.0203125
0 0.90859375 0.46328125 0.0140625 0.0328125
0 0.83203125 0.36640625 0.0265625 0.053125
0 0.846875 0.36328125 0.0203125 0.0484375
0 0.91640625 0.3765625 0.028125 0.0625
0 0.95859375 0.38515625 0.025 0.046875
0 0.8796875 0.3609375 0.025 0.0609375
0 0.90078125 0.384375 0.01875 0.040625
0 0.97734375 0.3828125 0.0234375 0.034375
0 0.99375 0.45625 0.0125 0.040625
0 0.99375 0.47109375 0.0125 0.0203125