0 0.428125 0.48203125 0.04375 0.009375
0 0.4265625 0.49140625 0.028125 0.009375
0 0.47421875 0.38828125 0.0390625 0.0109375
0 0.47734375 0.3734375 0.034375 0.0125
0 0.51796875 0.16796875 0.034375 0.0109375
0 0.50078125 0.146875 0.034375 0.0125
0 0.5265625 0.17734375 0.0375 0.009375
0 0.56015625 0.18203125 0.028125 0.009375
0 0.565625 0.20078125 0.03125 0.009375
0 0.56953125 0.1890625 0.03125 0.0078125
0 0.5765625 0.3890625 0.028125 0.009375
0 0.578125 0.37109375 0.025 0.009375
0 0.57421875 0.37890625 0.025 0.0109375