0 0.4234375 0.51015625 0.0375 0.009375
0 0.49765625 0.821875 0.0375 0.015625
0 0.48359375 0.8296875 0.034375 0.0140625
0 0.46171875 0.85390625 0.0390625 0.01875
0 0.465625 0.625 0.0359375 0.009375
0 0.4671875 0.60703125 0.0375 0.0109375
0 0.57265625 0.64140625 0.028125 0.0078125
0 0.5765625 0.63125 0.025 0.009375
0 0.5734375 0.62421875 0.0265625 0.009375
0 0.53125 0.821875 0.028125 0.0078125
0 0.540625 0.7828125 0.034375 0.0109375
0 0.5359375 0.80703125 0.034375 0.0140625
0 0.56015625 0.8015625 0.034375 0.009375
0 0.559375 0.7921875 0.03125 0.0109375
0 0.56484375 0.825 0.03125 0.0078125
0 0.4234375 0.50390625 0.028125 0.0125