0 0.50859375 0.31875 0.009375 0.015625
0 0.49296875 0.265625 0.00625 0.025
0 0.6875 0.33671875 0.0109375 0.0234375
0 0.6984375 0.34140625 0.00625 0.025
0 0.52890625 0.296875 0.00625 0.025
0 0.31015625 0.25703125 0.00625 0.015625
0 0.296875 0.27265625 0.00625 0.009375
0 0.4796875 0.22734375 0.00625 0.01875
0 0.390625 0.203125 0.00625 0.015625
0 0.37265625 0.12734375 0.00625 0.015625
0 0.37734375 0.12265625 0.00625 0.015625
0 0.39921875 0.11640625 0.00625 0.0109375
0 0.3859375 0.12265625 0.00625 0.015625
0 0.515625 0.07421875 0.00625 0.015625
0 0.5203125 0.06953125 0.00625 0.0140625
0 0.50234375 0.07578125 0.00625 0.0109375