0 0.9359375 0.37421875 0.128125 0.2734375
0 0.934375 0.48359375 0.1125 0.1359375
0 0.84609375 0.3890625 0.1296875 0.1703125
0 0.79140625 0.51328125 0.159375 0.2515625
0 0.75703125 0.64296875 0.171875 0.2453125
0 0.89375 0.68046875 0.178125 0.184375
0 0.921875 0.80234375 0.15625 0.1828125
0 0.89609375 0.165625 0.1203125 0.159375
0 0.72109375 0.18828125 0.16875 0.2140625
0 0.63671875 0.23125 0.1546875 0.1859375
0 0.51796875 0.196875 0.1421875 0.225
0 0.65234375 0.03828125 0.1515625 0.0765625
0 0.59375 0.0796875 0.11875 0.159375
0 0.715625 0.06875 0.1625 0.1375
0 0.49921875 0.9265625 0.1203125 0.146875
0 0.60703125 0.86328125 0.1515625 0.2609375
0 0.4703125 0.75 0.14375 0.1921875
0 0.4390625 0.5328125 0.121875 0.159375
0 0.584375 0.60859375 0.2015625 0.1921875
0 0.3515625 0.78671875 0.1484375 0.2171875
0 0.29375 0.58828125 0.1484375 0.2
0 0.20546875 0.39296875 0.153125 0.178125
0 0.075 0.3109375 0.15 0.18125
0 0.49765625 0.41796875 0.1296875 0.16875
0 0.4203125 0.2671875 0.1296875 0.19375
0 0.2984375 0.15625 0.1359375 0.2609375