0 0.5 0.72578125 0.053125 0.0921875
0 0.76328125 0.75859375 0.0640625 0.1546875
0 0.765625 0.66796875 0.0390625 0.05
0 0.65703125 0.5453125 0.0390625 0.1
0 0.7109375 0.76171875 0.046875 0.159375
0 0.67265625 0.653125 0.0375 0.06875
0 0.628125 0.709375 0.034375 0.0625
0 0.66953125 0.80703125 0.0640625 0.1703125
0 0.68203125 0.7078125 0.040625 0.0625
0 0.61171875 0.69140625 0.0359375 0.0703125
0 0.61640625 0.8859375 0.0515625 0.0765625
0 0.62109375 0.9515625 0.0640625 0.096875
0 0.28203125 0.940625 0.0546875 0.0765625
0 0.66484375 0.44296875 0.034375 0.084375
0 0.11015625 0.56328125 0.05 0.1140625
0 0.034375 0.57109375 0.04375 0.115625
0 0.05234375 0.5140625 0.0296875 0.0546875
0 0.2109375 0.42421875 0.0203125 0.0359375
0 0.284375 0.375 0.03125 0.078125
0 0.20078125 0.46484375 0.034375 0.084375
0 0.3984375 0.38203125 0.034375 0.065625
0 0.16875 0.43515625 0.01875 0.03125
0 0.17265625 0.4953125 0.0484375 0.115625
0 0.31015625 0.37578125 0.0359375 0.078125