0 0.409375 0.16640625 0.253125 0.15703125
0 0.73046875 0.15 0.19140625 0.15859375
0 0.4578125 0.290625 0.225 0.13671875
0 0.240625 0.33828125 0.21640625 0.1046875
0 0.6046875 0.3671875 0.175 0.1328125
0 0.84375 0.34453125 0.16875 0.1234375
0 0.471875 0.48828125 0.26015625 0.11484375
0 0.928125 0.4203125 0.14375 0.0875
0 0.7828125 0.440625 0.21328125 0.125
0 0.3859375 0.35625 0.19921875 0.12265625
0 0.06640625 0.69453125 0.13203125 0.10546875
0 0.59453125 0.58984375 0.1546875 0.12890625
0 0.503125 0.67890625 0.24609375 0.109375
0 0.278125 0.815625 0.1984375 0.13125
0 0.0671875 0.828125 0.13359375 0.1203125
0 0.12265625 0.59140625 0.2453125 0.1046875
0 0.23203125 0.66875 0.17421875 0.159375
0 0.72890625 0.69921875 0.22265625 0.11328125
0 0.871875 0.64609375 0.1625 0.10234375
0 0.5125 0.95078125 0.2625 0.0984375
0 0.92421875 0.81953125 0.1515625 0.1109375
0 0.70078125 0.9171875 0.2140625 0.15703125
0 0.853125 0.88828125 0.17109375 0.1546875
0 0.92265625 0.9640625 0.1546875 0.071875
0 0.9640625 0.9171875 0.07109375 0.08515625
0 0.475 0.81171875 0.14609375 0.1265625
0 0.45625 0.8984375 0.19296875 0.09609375