0 0.2625 0.1640625 0.20625 0.1453125
0 0.625 0.31171875 0.2078125 0.1609375
0 0.65390625 0.2359375 0.1984375 0.1453125
0 0.7265625 0.15625 0.178125 0.13125
0 0.909375 0.17734375 0.18125 0.1984375
0 0.95390625 0.27890625 0.0921875 0.2046875
0 0.92734375 0.3921875 0.1453125 0.11875
0 0.84765625 0.44609375 0.209375 0.1375
0 0.49921875 0.3484375 0.221875 0.140625
0 0.13046875 0.3765625 0.2546875 0.20625
0 0.30546875 0.37734375 0.1890625 0.1625
0 0.33671875 0.53125 0.2421875 0.1828125
0 0.1203125 0.56796875 0.178125 0.1921875
0 0.01953125 0.81328125 0.0390625 0.1453125
0 0.14765625 0.740625 0.2140625 0.16875
0 0.35859375 0.690625 0.1765625 0.165625
0 0.36875 0.88203125 0.1734375 0.15625
0 0.52578125 0.92890625 0.171875 0.1296875
0 0.76875 0.96953125 0.225 0.0609375
0 0.63359375 0.8734375 0.1796875 0.11875
0 0.60703125 0.73671875 0.203125 0.153125
0 0.50078125 0.81796875 0.1765625 0.13125
0 0.5265625 0.615625 0.1921875 0.11875
0 0.640625 0.5671875 0.14375 0.1140625
0 0.78125 0.76875 0.184375 0.20625
0 0.78359375 0.5140625 0.1734375 0.1328125
0 0.66015625 0.45234375 0.1734375 0.1734375
0 0.16875 0.8734375 0.2875 0.171875
0 0.909375 0.578125 0.18125 0.15