0 0.453125 0.8640625 0.00859375 0.028125
0 0.41328125 0.934375 0.009375 0.04296875
0 0.29453125 0.93515625 0.01484375 0.02734375
0 0.309375 0.93046875 0.015625 0.0265625
0 0.31640625 0.91796875 0.01796875 0.02265625
0 0.26953125 0.965625 0.0109375 0.02734375
0 0.3453125 0.88984375 0.01953125 0.028125
0 0.63203125 0.95703125 0.01171875 0.0328125
0 0.72109375 0.8953125 0.01015625 0.0203125
0 0.68359375 0.93203125 0.01171875 0.03046875
0 0.71171875 0.91796875 0.009375 0.03046875
0 0.609375 0.95625 0.01015625 0.02734375
0 0.61796875 0.95546875 0.00859375 0.03046875
0 0.64765625 0.94609375 0.01484375 0.0296875
0 0.4421875 0.93671875 0.01484375 0.028125
0 0.515625 0.95 0.00859375 0.03203125
0 0.56015625 0.97890625 0.009375 0.02734375
0 0.63671875 0.93671875 0.00703125 0.028125
0 0.65078125 0.9078125 0.0171875 0.02890625
0 0.67421875 0.92265625 0.0125 0.02734375
0 0.7 0.90859375 0.01015625 0.03046875
0 0.76484375 0.96015625 0.0109375 0.0296875
0 0.546875 0.734375 0.009375 0.03125
0 0.515625 0.56484375 0.009375 0.02734375
0 0.50234375 0.51328125 0.009375 0.0328125
0 0.50703125 0.50234375 0.009375 0.03671875
0 0.39453125 0.509375 0.01015625 0.034375
0 0.39453125 0.4234375 0.0078125 0.0328125
0 0.403125 0.421875 0.009375 0.0203125
0 0.4890625 0.47734375 0.00859375 0.0234375
0 0.46640625 0.37421875 0.00859375 0.02734375
0 0.5609375 0.740625 0.01171875 0.03515625
0 0.546875 0.6875 0.00859375 0.01953125
0 0.4796875 0.40625 0.009375 0.0234375
0 0.4890625 0.44453125 0.00859375 0.0234375
0 0.390625 0.315625 0.0078125 0.03359375
0 0.453125 0.31328125 0.00703125 0.025
0 0.46640625 0.31328125 0.009375 0.02578125