0 0.48125 0.6125 0.04375 0.0125
0 0.52109375 0.85234375 0.0390625 0.025
0 0.53515625 0.828125 0.040625 0.01875
0 0.55078125 0.82109375 0.0359375 0.0125
0 0.5890625 0.77265625 0.0328125 0.0125
0 0.58359375 0.81328125 0.028125 0.0125
0 0.59296875 0.628125 0.034375 0.0109375
0 0.59453125 0.60625 0.01875 0.009375
0 0.59765625 0.615625 0.021875 0.0078125
0 0.5953125 0.78984375 0.0234375 0.0078125
0 0.590625 0.8 0.025 0.0109375
0 0.6140625 0.8109375 0.028125 0.0125
0 0.484375 0.62890625 0.0390625 0.01875
0 0.428125 0.521875 0.04375 0.009375
0 0.425 0.51640625 0.028125 0.0109375