0 0.4796875 0.559375 0.16796875 0.07265625
0 0.2046875 0.6 0.1734375 0.08046875
0 0.2375 0.69375 0.175 0.115625
0 0.2 0.46640625 0.20390625 0.15234375
0 0.03828125 0.4171875 0.07578125 0.10234375
0 0.05234375 0.48671875 0.1046875 0.0828125
0 0.06953125 0.5359375 0.13828125 0.0890625
0 0.1546875 0.828125 0.20625 0.1
0 0.09765625 0.97265625 0.0984375 0.0546875
0 0.2265625 0.94296875 0.18203125 0.10078125
0 0.44375 0.9546875 0.240625 0.090625
0 0.60859375 0.96484375 0.16015625 0.0703125
0 0.60859375 0.7515625 0.17890625 0.0796875
0 0.69765625 0.884375 0.21328125 0.1296875
0 0.7875 0.69609375 0.1625 0.0875
0 0.69375 0.6140625 0.1796875 0.109375
0 0.8234375 0.81640625 0.12578125 0.1484375
0 0.8796875 0.55234375 0.16640625 0.08203125
0 0.7140625 0.28515625 0.2640625 0.11171875
0 0.84453125 0.32265625 0.19453125 0.109375
0 0.81484375 0.4265625 0.1421875 0.10703125
0 0.36171875 0.29765625 0.1734375 0.115625
0 0.45859375 0.4109375 0.1421875 0.14921875
0 0.1390625 0.278125 0.16484375 0.11875