0 0.45859375 0.09375 0.0328125 0.0203125
0 0.5046875 0.17578125 0.025 0.0203125
0 0.4421875 0.20234375 0.021875 0.015625
0 0.5765625 0.14921875 0.0640625 0.025
0 0.81640625 0.046875 0.0390625 0.025
0 0.49765625 0.68515625 0.0125 0.01875
0 0.43515625 0.70546875 0.021875 0.021875
0 0.4046875 0.66796875 0.0234375 0.025
0 0.42890625 0.684375 0.015625 0.015625
0 0.4125 0.7 0.0140625 0.015625
0 0.6359375 0.390625 0.0546875 0.028125
0 0.4984375 0.37734375 0.0328125 0.0203125
0 0.46875 0.37734375 0.01875 0.01875
0 0.49609375 0.34921875 0.0125 0.0140625
0 0.646875 0.6046875 0.040625 0.0234375
0 0.69453125 0.6671875 0.05625 0.0234375
0 0.70546875 0.6828125 0.0640625 0.0265625
0 0.83046875 0.6515625 0.025 0.0265625
0 0.68359375 0.934375 0.0203125 0.034375
0 0.6234375 0.98046875 0.01875 0.01875
0 0.6046875 0.7671875 0.05 0.0203125
0 0.6203125 0.784375 0.03125 0.01875
0 0.9765625 0.76328125 0.0296875 0.0234375
0 0.95703125 0.9890625 0.01875 0.021875
0 0.82109375 0.23203125 0.04375 0.0265625
0 0.840625 0.4390625 0.0328125 0.01875
0 0.8625 0.41953125 0.015625 0.0125
0 0.87421875 0.45546875 0.04375 0.021875