0 0.571875 0.59765625 0.0109375 0.0296875
0 0.20078125 0.65859375 0.01171875 0.02578125
0 0.03359375 0.7078125 0.025 0.03828125
0 0.26328125 0.72578125 0.03828125 0.04375
0 0.46015625 0.80078125 0.02890625 0.0609375
0 0.6984375 0.671875 0.01484375 0.0328125
0 0.8390625 0.64921875 0.01171875 0.03359375
0 0.9015625 0.67890625 0.01171875 0.04609375
0 0.97578125 0.740625 0.015625 0.05546875
0 0.51328125 0.87265625 0.09140625 0.05234375
0 0.70546875 0.68125 0.01015625 0.03203125
0 0.734375 0.7453125 0.01484375 0.05625
0 0.79453125 0.71484375 0.0109375 0.0375
0 0.7859375 0.74296875 0.01953125 0.04296875
0 0.771875 0.78046875 0.01875 0.03671875
0 0.79296875 0.79296875 0.0234375 0.0421875
0 0.7078125 0.90390625 0.03359375 0.06953125
0 0.75234375 0.975 0.0671875 0.05