0 0.0859375 0.5125 0.0296875 0.0625
0 0.06328125 0.63671875 0.0203125 0.021875
0 0.14921875 0.57734375 0.0265625 0.0171875
0 0.18125 0.62734375 0.01875 0.01875
0 0.11328125 0.253125 0.03125 0.0421875
0 0.3203125 0.3953125 0.03125 0.0515625
0 0.33515625 0.5734375 0.01875 0.01875
0 0.334375 0.5359375 0.021875 0.034375
0 0.31015625 0.56875 0.009375 0.015625
0 0.31953125 0.18671875 0.025 0.034375
0 0.328125 0.1515625 0.03125 0.053125
0 0.2859375 0.15 0.0234375 0.028125
0 0.63203125 0.471875 0.01875 0.0171875
0 0.57890625 0.275 0.03125 0.0625
0 0.59375 0.25703125 0.0328125 0.065625
0 0.7015625 0.34765625 0.028125 0.0515625
0 0.71640625 0.32109375 0.01875 0.0296875
0 0.85078125 0.2296875 0.0375 0.021875
0 0.93359375 0.265625 0.0234375 0.0203125
0 0.90859375 0.27890625 0.0203125 0.021875
0 0.95234375 0.28125 0.03125 0.0203125
0 0.9515625 0.2421875 0.0234375 0.0453125
0 0.5296875 0.3375 0.0265625 0.0453125
0 0.6671875 0.52734375 0.021875 0.025
0 0.63203125 0.56796875 0.0265625 0.021875
0 0.66796875 0.5578125 0.0203125 0.015625
0 0.64921875 0.54375 0.0171875 0.015625
0 0.896875 0.0171875 0.0265625 0.0296875
0 0.884375 0.03984375 0.0296875 0.04375
0 0.53828125 0.14453125 0.025 0.0203125