0 0.7671875 0.540625 0.0578125 0.0390625
0 0.78984375 0.7203125 0.084375 0.046875
0 0.85 0.81328125 0.078125 0.0515625
0 0.8 0.93125 0.0828125 0.0515625
0 0.62109375 0.984375 0.0515625 0.03125
0 0.6609375 0.72890625 0.0421875 0.03125
0 0.7203125 0.2875 0.0390625 0.0234375
0 0.59296875 0.5859375 0.0484375 0.021875
0 0.57578125 0.8125 0.0390625 0.0234375
0 0.61796875 0.70625 0.0296875 0.0125
0 0.634375 0.77734375 0.0375 0.0234375
0 0.5921875 0.86171875 0.0375 0.025
0 0.62265625 0.91953125 0.0546875 0.034375
0 0.98203125 0.39453125 0.0359375 0.0921875
0 0.78828125 0.1671875 0.0421875 0.0328125
0 0.70546875 0.7734375 0.040625 0.0328125
0 0.75625 0.36796875 0.0265625 0.0328125
0 0.82734375 0.55703125 0.0546875 0.0703125
0 0.61796875 0.71171875 0.03125 0.0140625
0 0.640625 0.97265625 0.046875 0.0265625
0 0.68515625 0.76015625 0.034375 0.0328125
0 0.6546875 0.77109375 0.040625 0.0265625