0 0.16796875 0.47109375 0.009375 0.034375
0 0.3921875 0.46171875 0.0125 0.0375
0 0.3609375 0.5640625 0.009375 0.03125
0 0.3796875 0.56328125 0.009375 0.028125
0 0.17890625 0.48671875 0.0140625 0.0359375
0 0.17734375 0.51640625 0.009375 0.028125
0 0.19453125 0.52109375 0.009375 0.0296875
0 0.19921875 0.5234375 0.009375 0.0328125
0 0.49453125 0.428125 0.0140625 0.0390625
0 0.5 0.41875 0.0109375 0.021875
0 0.378125 0.4625 0.0140625 0.034375
0 0.15 0.45234375 0.0234375 0.0359375
0 0.36953125 0.56484375 0.009375 0.025
0 0.2171875 0.51953125 0.009375 0.028125
0 0.18046875 0.53125 0.009375 0.025
0 0.175 0.5421875 0.009375 0.028125