0 0.36328125 0.79921875 0.0359375 0.0140625
0 0.29453125 0.73984375 0.0359375 0.0359375
0 0.334375 0.9609375 0.0390625 0.01875
0 0.21640625 0.55859375 0.0609375 0.0296875
0 0.15234375 0.528125 0.053125 0.08125
0 0.103125 0.34921875 0.0890625 0.040625
0 0.04609375 0.30625 0.05625 0.0859375
0 0.00625 0.2453125 0.0125 0.04375
0 0.01953125 0.078125 0.0390625 0.04375
0 0.1734375 0.0359375 0.046875 0.021875
0 0.23203125 0.08203125 0.053125 0.0203125
0 0.2875 0.13984375 0.0421875 0.01875
0 0.3234375 0.19296875 0.0359375 0.0140625
0 0.38515625 0.440625 0.04375 0.01875
0 0.3140625 0.3171875 0.0375 0.009375
0 0.31875 0.32734375 0.028125 0.0125
0 0.25234375 0.3046875 0.04375 0.01875
0 0.2671875 0.24921875 0.0390625 0.01875
0 0.2140625 0.2765625 0.0359375 0.01875
0 0.234375 0.25625 0.0359375 0.01875
0 0.1953125 0.26171875 0.0421875 0.021875