0 0.484375 0.575 0.00859375 0.040625
0 0.14375 0.51328125 0.01484375 0.03984375
0 0.22109375 0.440625 0.00859375 0.0296875
0 0.3734375 0.52734375 0.00859375 0.0375
0 0.38984375 0.528125 0.01171875 0.040625
0 0.17890625 0.446875 0.0125 0.028125
0 0.1953125 0.4421875 0.01171875 0.0328125
0 0.18046875 0.4171875 0.009375 0.0296875
0 0.36796875 0.421875 0.01015625 0.03515625
0 0.38203125 0.415625 0.01015625 0.02890625
0 0.49375 0.57734375 0.00703125 0.02734375
0 0.1765625 0.4796875 0.009375 0.03671875
0 0.1671875 0.49609375 0.00859375 0.03046875
0 0.21171875 0.4171875 0.00859375 0.0171875