0 0.74453125 0.1703125 0.1609375 0.209375
0 0.72890625 0.4296875 0.2453125 0.321875
0 0.68203125 0.3890625 0.1875 0.2203125
0 0.86484375 0.64609375 0.20625 0.265625
0 0.75234375 0.740625 0.1828125 0.1828125
0 0.63046875 0.778125 0.171875 0.2125
0 0.48125 0.909375 0.171875 0.18125
0 0.57734375 0.64765625 0.2125 0.2484375
0 0.46953125 0.73203125 0.14375 0.1859375
0 0.30078125 0.05078125 0.1765625 0.1015625
0 0.42734375 0.08359375 0.1671875 0.1671875
0 0.53359375 0.13671875 0.2046875 0.2734375
0 0.37734375 0.2328125 0.1875 0.2109375
0 0.20859375 0.14140625 0.1453125 0.171875
0 0.259375 0.240625 0.1859375 0.2234375
0 0.52421875 0.4421875 0.190625 0.2578125
0 0.43828125 0.471875 0.1890625 0.26875
0 0.27265625 0.85625 0.1609375 0.2046875
0 0.30859375 0.57109375 0.15 0.184375
0 0.19921875 0.73671875 0.24375 0.3046875
0 0.2015625 0.38046875 0.1890625 0.178125
0 0.0640625 0.45546875 0.128125 0.1640625
0 0.128125 0.3203125 0.1140625 0.125
0 0.1328125 0.5078125 0.1484375 0.1828125
0 0.0796875 0.61484375 0.159375 0.2328125
0 0.0609375 0.72578125 0.121875 0.2265625
0 0.0828125 0.82578125 0.1203125 0.1359375