0 0.23125 0.0703125 0.096875 0.140625
0 0.29453125 0.06796875 0.0765625 0.1359375
0 0.2328125 0.125 0.078125 0.165625
0 0.728125 0.0921875 0.084375 0.1265625
0 0.4625 0.4203125 0.0625 0.11875
0 0.34140625 0.19140625 0.0578125 0.096875
0 0.3515625 0.371875 0.0453125 0.1125
0 0.3375 0.4921875 0.040625 0.096875
0 0.72890625 0.60625 0.034375 0.075
0 0.32265625 0.6109375 0.0328125 0.071875
0 0.31953125 0.44453125 0.0421875 0.1
0 0.9890625 0.3703125 0.021875 0.134375
0 0.88203125 0.4765625 0.0546875 0.128125
0 0.96796875 0.46640625 0.05 0.121875
0 0.7578125 0.60703125 0.040625 0.0859375
0 0.796875 0.5703125 0.0359375 0.1
0 0.8578125 0.50703125 0.046875 0.1125
0 0.84140625 0.5515625 0.0265625 0.046875
0 0.9109375 0.45 0.04375 0.115625
0 0.909375 0.52734375 0.028125 0.04375
0 0.9375 0.453125 0.0546875 0.1234375
0 0.47421875 0.71171875 0.025 0.0453125
0 0.640625 0.58046875 0.0421875 0.0890625
0 0.40859375 0.1015625 0.0515625 0.1078125
0 0.3421875 0.03125 0.065625 0.0625
0 0.34375 0.1046875 0.0546875 0.1109375
0 0.41953125 0.1375 0.05625 0.1078125
0 0.36015625 0.58671875 0.034375 0.075
0 0.67890625 0.64140625 0.0265625 0.053125
0 0.63359375 0.68125 0.028125 0.0625