0 0.11171875 0.64296875 0.0296875 0.0625
0 0.04375 0.53671875 0.0203125 0.021875
0 0.1453125 0.56015625 0.0265625 0.0171875
0 0.15625 0.5015625 0.01875 0.01875
0 0.23359375 0.87421875 0.03125 0.04375
0 0.37265625 0.6640625 0.03125 0.0515625
0 0.31953125 0.49375 0.01875 0.01875
0 0.3328125 0.528125 0.021875 0.034375
0 0.2984375 0.50703125 0.009375 0.015625
0 0.45 0.85859375 0.025 0.034375
0 0.47109375 0.8875 0.03125 0.053125
0 0.4328125 0.9046875 0.0234375 0.028125
0 0.6328125 0.4765625 0.01875 0.0171875
0 0.65703125 0.67890625 0.03125 0.0625
0 0.678125 0.68984375 0.0328125 0.065625
0 0.74375 0.565625 0.028125 0.0515625
0 0.76796875 0.58515625 0.01875 0.0296875
0 0.9265625 0.61953125 0.0375 0.021875
0 0.9890625 0.55546875 0.021875 0.0203125
0 0.96171875 0.55234375 0.0203125 0.021875
0 0.99296875 0.53203125 0.0140625 0.0203125
0 0.58828125 0.63984375 0.0265625 0.0453125
0 0.64453125 0.4125 0.021875 0.025
0 0.596875 0.3875 0.0265625 0.021875
0 0.634375 0.38359375 0.0203125 0.015625
0 0.621875 0.40390625 0.0171875 0.015625
0 0.66875 0.81484375 0.025 0.0203125
0 0.7953125 0.94140625 0.03125 0.025
0 0.865625 0.9296875 0.015625 0.01875