0 0.4390625 0.17265625 0.0359375 0.0140625
0 0.4546875 0.1796875 0.034375 0.0125
0 0.453125 0.3796875 0.028125 0.0109375
0 0.44609375 0.396875 0.0390625 0.01875
0 0.42421875 0.4984375 0.04375 0.0140625
0 0.42421875 0.5078125 0.0296875 0.0171875
0 0.540625 0.35859375 0.0359375 0.0171875
0 0.54453125 0.36640625 0.034375 0.015625
0 0.546875 0.37578125 0.0359375 0.015625
0 0.41796875 0.1578125 0.0375 0.021875
0 0.48984375 0.19453125 0.034375 0.015625
0 0.4859375 0.18203125 0.025 0.009375
0 0.48671875 0.178125 0.0265625 0.0125
0 0.50390625 0.1734375 0.0171875 0.0125
0 0.503125 0.16484375 0.0328125 0.0140625
0 0.49296875 0.2125 0.0296875 0.0125