0 0.03359375 0.66953125 0.01484375 0.03828125
0 0.015625 0.98359375 0.01640625 0.0328125
0 0.215625 0.8375 0.0109375 0.04765625
0 0.46171875 0.78203125 0.00859375 0.04140625
0 0.3546875 0.7546875 0.00859375 0.0390625
0 0.33671875 0.75625 0.01015625 0.034375
0 0.14140625 0.85859375 0.009375 0.04296875
0 0.5734375 0.99453125 0.01015625 0.0109375
0 0.83984375 0.9609375 0.01640625 0.028125
0 0.853125 0.975 0.01171875 0.04609375
0 0.91640625 0.92890625 0.01484375 0.04375
0 0.97578125 0.94375 0.01875 0.05625
0 0.98203125 0.89453125 0.0125 0.04140625
0 0.99453125 0.896875 0.0109375 0.0484375
0 0.74375 0.76953125 0.01328125 0.046875
0 0.22265625 0.8859375 0.01484375 0.05390625
0 0.22109375 0.8546875 0.00859375 0.01875
0 0.7609375 0.76484375 0.0078125 0.04453125
0 0.40625 0.71328125 0.01328125 0.03203125
0 0.25234375 0.68046875 0.01015625 0.02421875
0 0.5140625 0.8 0.0125 0.0328125
0 0.52421875 0.76953125 0.009375 0.03828125
0 0.87734375 0.971875 0.01875 0.05625
0 0.89765625 0.74921875 0.0140625 0.0421875
0 0.9515625 0.74375 0.0109375 0.03046875
0 0.984375 0.7296875 0.01015625 0.03359375
0 0.98828125 0.72109375 0.00625 0.0421875
0 0.63203125 0.80078125 0.00859375 0.04375
0 0.52421875 0.803125 0.009375 0.03203125
0 0.53359375 0.7703125 0.0078125 0.03046875
0 0.53359375 0.81015625 0.0078125 0.03359375
0 0.55859375 0.8078125 0.0125 0.0296875
0 0.57421875 0.8046875 0.01796875 0.03515625
0 0.97890625 0.71328125 0.00859375 0.02890625
0 0.9703125 0.71484375 0.0078125 0.028125