0 0.459375 0.56328125 0.0234375 0.04375
0 0.1953125 0.375 0.021875 0.0375
0 0.16484375 0.384375 0.028125 0.040625
0 0.20625 0.36640625 0.0234375 0.0390625
0 0.21875 0.33359375 0.0203125 0.0296875
0 0.23359375 0.3390625 0.01875 0.0328125
0 0.26171875 0.3390625 0.01875 0.0328125
0 0.37265625 0.48359375 0.0234375 0.0359375
0 0.3875 0.48671875 0.021875 0.0390625
0 0.46796875 0.56953125 0.015625 0.0265625
0 0.4015625 0.3734375 0.015625 0.0234375
0 0.41171875 0.37265625 0.0171875 0.025
0 0.4234375 0.37734375 0.0171875 0.0265625
0 0.225 0.30859375 0.0171875 0.025
0 0.23046875 0.30625 0.0171875 0.0265625