0 0.85 0.83515625 0.203125 0.06875
0 0.89375 0.43828125 0.2 0.078125
0 0.86796875 0.78671875 0.1875 0.059375
0 0.65390625 0.75390625 0.1546875 0.0625
0 0.53359375 0.7640625 0.121875 0.0515625
0 0.55390625 0.18828125 0.1078125 0.0328125
0 0.571875 0.175 0.1109375 0.04375
0 0.415625 0.4140625 0.0703125 0.03125
0 0.41484375 0.56328125 0.075 0.0390625
0 0.44765625 0.66484375 0.0953125 0.0328125
0 0.38359375 0.68515625 0.078125 0.028125
0 0.4046875 0.678125 0.0796875 0.028125
0 0.575 0.14140625 0.121875 0.0515625
0 0.6484375 0.08515625 0.115625 0.0375
0 0.63515625 0.05078125 0.084375 0.0375
0 0.73671875 0.05859375 0.1515625 0.065625
0 0.47109375 0.26796875 0.09375 0.040625
0 0.4140625 0.29609375 0.0703125 0.0296875
0 0.45234375 0.24296875 0.0828125 0.03125
0 0.34453125 0.62890625 0.0671875 0.03125
0 0.35234375 0.57734375 0.06875 0.0375
0 0.63203125 0.28046875 0.1 0.0390625