0 0.1515625 0.80234375 0.04453125 0.1625
0 0.17421875 0.76640625 0.02734375 0.13671875
0 0.8109375 0.79140625 0.03125 0.125
0 0.8796875 0.81953125 0.03984375 0.1234375
0 0.8375 0.7765625 0.03203125 0.12421875
0 0.2359375 0.5609375 0.02734375 0.0828125
0 0.859375 0.80703125 0.03125 0.12265625
0 0.86484375 0.74609375 0.02421875 0.0359375
0 0.24453125 0.54140625 0.02265625 0.0859375
0 0.7171875 0.55078125 0.01953125 0.06328125
0 0.68203125 0.51796875 0.015625 0.0671875
0 0.29296875 0.51640625 0.02109375 0.0484375
0 0.27265625 0.57734375 0.01796875 0.0921875
0 0.2640625 0.56640625 0.01796875 0.09453125
0 0.2984375 0.56796875 0.0171875 0.06171875
0 0.2859375 0.56328125 0.01640625 0.07265625
0 0.31640625 0.5484375 0.01875 0.0515625
0 0.70390625 0.54765625 0.0203125 0.06171875
0 0.64296875 0.5078125 0.015625 0.071875
0 0.3234375 0.534375 0.015625 0.046875
0 0.609375 0.41015625 0.0109375 0.0609375
0 0.58203125 0.3890625 0.009375 0.05390625
0 0.6328125 0.475 0.0125 0.065625
0 0.68125 0.48046875 0.01796875 0.028125
0 0.6578125 0.46015625 0.01328125 0.0453125
0 0.6421875 0.446875 0.0171875 0.04453125
0 0.65859375 0.51953125 0.01484375 0.06640625
0 0.3265625 0.33984375 0.009375 0.046875
0 0.31484375 0.4609375 0.01328125 0.05625
0 0.515625 0.37421875 0.009375 0.04140625
0 0.525 0.36875 0.01328125 0.0546875
0 0.37578125 0.35546875 0.01328125 0.0515625
0 0.53984375 0.3578125 0.01328125 0.03359375
0 0.4796875 0.26796875 0.009375 0.03046875
0 0.48828125 0.284375 0.0078125 0.02890625
0 0.8984375 0.95703125 0.021875 0.0859375
0 0.90234375 0.89453125 0.01640625 0.0625
0 0.884375 0.90703125 0.025 0.059375