0 0.0625 0.2421875 0.125 0.13671875
0 0.3859375 0.37578125 0.16015625 0.0921875
0 0.21328125 0.440625 0.165625 0.1046875
0 0.421875 0.271875 0.18515625 0.11796875
0 0.08671875 0.49140625 0.121875 0.12734375
0 0.27578125 0.5765625 0.175 0.09765625
0 0.15 0.71953125 0.178125 0.121875
0 0.53515625 0.10390625 0.15234375 0.096875
0 0.54765625 0.20234375 0.1421875 0.1140625
0 0.68515625 0.0765625 0.128125 0.153125
0 0.81796875 0.13828125 0.16015625 0.175
0 0.94140625 0.12890625 0.1171875 0.1796875
0 0.94140625 0.28046875 0.1171875 0.0984375
0 0.77109375 0.25390625 0.209375 0.05625
0 0.77265625 0.31875 0.21796875 0.1
0 0.90546875 0.4390625 0.134375 0.10546875
0 0.5 0.6078125 0.12734375 0.11484375
0 0.67890625 0.52890625 0.1171875 0.09609375
0 0.6328125 0.4171875 0.1328125 0.10390625
0 0.7734375 0.43203125 0.12109375 0.1125
0 0.30625 0.83515625 0.1609375 0.1484375
0 0.38359375 0.95078125 0.1875 0.0984375
0 0.4578125 0.71796875 0.17578125 0.10703125
0 0.69609375 0.6921875 0.146875 0.11484375
0 0.9015625 0.6984375 0.19609375 0.1296875
0 0.95234375 0.53671875 0.0953125 0.09765625
0 0.93515625 0.85078125 0.1296875 0.1203125
0 0.578125 0.9296875 0.159375 0.09375
0 0.7609375 0.88515625 0.11484375 0.11484375
0 0.77578125 0.78359375 0.16171875 0.090625
0 0.703125 0.884375 0.11875 0.09921875