0 0.0296875 0.86328125 0.053125 0.0328125
0 0.04375 0.815625 0.0328125 0.0375
0 0.0828125 0.76484375 0.0328125 0.046875
0 0.15546875 0.74375 0.03125 0.040625
0 0.08984375 0.65546875 0.0296875 0.0296875
0 0.43125 0.7953125 0.0296875 0.0453125
0 0.54765625 0.8171875 0.0234375 0.03125
0 0.3140625 0.68984375 0.015625 0.0234375
0 0.21171875 0.7375 0.0359375 0.0296875
0 0.1875 0.67578125 0.0203125 0.03125
0 0.24609375 0.60390625 0.0203125 0.0234375
0 0.32734375 0.64296875 0.0203125 0.0234375
0 0.35703125 0.68203125 0.0203125 0.03125
0 0.27265625 0.7484375 0.04375 0.0359375
0 0.41171875 0.684375 0.0234375 0.03125
0 0.52890625 0.68046875 0.021875 0.0328125
0 0.6921875 0.84921875 0.025 0.0375
0 0.540625 0.7546875 0.0265625 0.034375
0 0.53359375 0.70625 0.0203125 0.0328125
0 0.47578125 0.7265625 0.04375 0.0359375
0 0.51796875 0.71171875 0.025 0.034375
0 0.60078125 0.71875 0.0171875 0.028125
0 0.45546875 0.7734375 0.0265625 0.0296875
0 0.4734375 0.790625 0.021875 0.0328125
0 0.48125 0.74296875 0.0234375 0.0265625
0 0.4984375 0.7515625 0.025 0.0296875