0 0.7796875 0.73671875 0.0609375 0.0359375
0 0.7203125 0.81015625 0.046875 0.028125
0 0.88671875 0.50859375 0.0890625 0.0484375
0 0.59453125 0.4125 0.05625 0.0171875
0 0.740625 0.17109375 0.059375 0.0296875
0 0.66640625 0.2421875 0.0359375 0.0203125
0 0.6046875 0.09296875 0.040625 0.0203125
0 0.69921875 0.11875 0.0421875 0.025
0 0.62421875 0.01640625 0.053125 0.028125
0 0.8140625 0.065625 0.0875 0.0421875
0 0.7421875 0.1078125 0.05625 0.0375
0 0.8 0.11171875 0.0796875 0.053125
0 0.67109375 0.2265625 0.05 0.0171875
0 0.9640625 0.340625 0.0484375 0.1