0 0.59140625 0.27109375 0.028125 0.009375
0 0.5203125 0.35625 0.028125 0.009375
0 0.590625 0.2546875 0.034375 0.0140625
0 0.6296875 0.4828125 0.0296875 0.0125
0 0.66484375 0.52578125 0.021875 0.009375
0 0.6703125 0.53515625 0.028125 0.009375
0 0.59375 0.50703125 0.0203125 0.0171875
0 0.7140625 0.55078125 0.028125 0.009375
0 0.7546875 0.578125 0.0203125 0.009375
0 0.65625 0.75 0.015625 0.0078125
0 0.6359375 0.765625 0.015625 0.0078125
0 0.81328125 0.7078125 0.01875 0.009375
0 0.82109375 0.69609375 0.015625 0.0078125
0 0.83203125 0.68359375 0.015625 0.0078125
0 0.83125 0.6765625 0.0109375 0.0109375
0 0.878125 0.60078125 0.0109375 0.0078125
0 0.8890625 0.58828125 0.009375 0.0078125
0 0.91796875 0.53828125 0.0109375 0.0078125
0 0.9140625 0.52421875 0.015625 0.0078125
0 0.83046875 0.35078125 0.025 0.009375