0 0.38984375 0.528125 0.00859375 0.04375
0 0.146875 0.509375 0.02109375 0.03671875
0 0.1703125 0.49375 0.01484375 0.0390625
0 0.17578125 0.47734375 0.00859375 0.0359375
0 0.2203125 0.43515625 0.00859375 0.0328125
0 0.18046875 0.44375 0.009375 0.02890625
0 0.3640625 0.41875 0.0078125 0.03359375
0 0.3859375 0.41484375 0.0078125 0.01796875
0 0.3765625 0.4125 0.00625 0.02109375
0 0.203125 0.43046875 0.00625 0.0234375
0 0.19296875 0.4359375 0.009375 0.02421875
0 0.18046875 0.41328125 0.00859375 0.028125
0 0.37265625 0.5265625 0.01484375 0.03828125
0 0.484375 0.5734375 0.00703125 0.04296875
0 0.48984375 0.5765625 0.0078125 0.028125