0 0.1921875 0.98671875 0.05625 0.0265625
0 0.21953125 0.89296875 0.0546875 0.0375
0 0.3953125 0.76953125 0.021875 0.0203125
0 0.33828125 0.9703125 0.028125 0.0328125
0 0.303125 0.84609375 0.028125 0.021875
0 0.3953125 0.70234375 0.0171875 0.021875
0 0.371875 0.51328125 0.0234375 0.015625
0 0.29375 0.69609375 0.03125 0.0234375
0 0.2375 0.825 0.0328125 0.0375
0 0.3515625 0.68046875 0.0203125 0.0203125
0 0.30390625 0.63984375 0.03125 0.03125
0 0.30546875 0.58515625 0.028125 0.021875
0 0.22578125 0.73515625 0.03125 0.0359375
0 0.25078125 0.6859375 0.028125 0.01875
0 0.20703125 0.5390625 0.0328125 0.0265625
0 0.18984375 0.51640625 0.028125 0.021875
0 0.18046875 0.5671875 0.034375 0.0234375
0 0.16171875 0.56875 0.0328125 0.0265625
0 0.11171875 0.26796875 0.03125 0.0234375
0 0.16640625 0.09921875 0.03125 0.0203125
0 0.29609375 0.47109375 0.025 0.01875
0 0.265625 0.51640625 0.0265625 0.028125
0 0.246875 0.5078125 0.0234375 0.0265625
0 0.31953125 0.459375 0.021875 0.025
0 0.31640625 0.38046875 0.0265625 0.0171875
0 0.23125 0.4921875 0.021875 0.025
0 0.22890625 0.44765625 0.028125 0.021875
0 0.1515625 0.4234375 0.03125 0.0421875
0 0.26015625 0.353125 0.028125 0.025
0 0.284375 0.45234375 0.03125 0.0203125
0 0.28046875 0.46640625 0.0265625 0.021875