0 0.56875 0.46953125 0.0453125 0.0171875
0 0.42421875 0.1796875 0.0375 0.015625
0 0.43828125 0.15078125 0.0390625 0.021875
0 0.4140625 0.1875 0.0390625 0.0140625
0 0.38046875 0.196875 0.0296875 0.0140625
0 0.3828125 0.21171875 0.0328125 0.015625
0 0.37890625 0.23984375 0.0328125 0.0140625
0 0.503125 0.3703125 0.0375 0.021875
0 0.50390625 0.38671875 0.0390625 0.015625
0 0.57421875 0.47890625 0.0265625 0.0125
0 0.390625 0.3828125 0.0234375 0.0140625
0 0.38828125 0.39296875 0.025 0.0140625
0 0.390625 0.4046875 0.0265625 0.0140625
0 0.3546875 0.19765625 0.0234375 0.0109375
0 0.35078125 0.203125 0.028125 0.0109375