0 0.5734375 0.59375 0.009375 0.03046875
0 0.17421875 0.66640625 0.01640625 0.0359375
0 0.2421875 0.72890625 0.02421875 0.04453125
0 0.44921875 0.85078125 0.02734375 0.07265625
0 0.553125 0.94921875 0.090625 0.04609375
0 0.76328125 0.9765625 0.0296875 0.046875
0 0.72109375 0.68984375 0.0140625 0.03203125
0 0.8734375 0.65390625 0.0140625 0.03125
0 0.77421875 0.76640625 0.0203125 0.0421875
0 0.834375 0.74140625 0.0140625 0.0515625
0 0.9453125 0.68125 0.01484375 0.0375
0 0.859375 0.8484375 0.0265625 0.07265625
0 0.815625 0.8109375 0.02578125 0.0375
0 0.83203125 0.78671875 0.01875 0.03984375