0 0.55625 0.86953125 0.2359375 0.1328125
0 0.21953125 0.9703125 0.16328125 0.059375
0 0.3078125 0.72265625 0.1875 0.125
0 0.1390625 0.84453125 0.27734375 0.1171875
0 0.08828125 0.68984375 0.1765625 0.1171875
0 0.0265625 0.5109375 0.053125 0.09375
0 0.42890625 0.53203125 0.13203125 0.09765625
0 0.5828125 0.590625 0.18515625 0.11171875
0 0.61796875 0.7359375 0.18359375 0.1140625
0 0.78515625 0.68515625 0.17109375 0.13046875
0 0.25625 0.40078125 0.18984375 0.1390625
0 0.26953125 0.17578125 0.16328125 0.13671875
0 0.078125 0.14921875 0.15625 0.16484375
0 0.07578125 0.0578125 0.1515625 0.115625
0 0.034375 0.28359375 0.06875 0.0984375
0 0.66328125 0.38203125 0.2109375 0.11953125
0 0.4015625 0.3859375 0.134375 0.109375
0 0.48515625 0.35390625 0.1375 0.0921875
0 0.4171875 0.46171875 0.1890625 0.07109375
0 0.178125 0.4859375 0.12421875 0.0890625
0 0.18046875 0.30234375 0.17578125 0.11328125
0 0.1390625 0.56796875 0.1328125 0.103125
0 0.28671875 0.54609375 0.1765625 0.10625
0 0.7328125 0.94765625 0.209375 0.10390625
0 0.9484375 0.85546875 0.10234375 0.1078125
0 0.84609375 0.51875 0.21796875 0.1015625
0 0.91484375 0.609375 0.16953125 0.09375
0 0.9359375 0.7125 0.12734375 0.084375
0 0.4125 0.253125 0.18046875 0.12734375
0 0.66875 0.25859375 0.28984375 0.1390625
0 0.75859375 0.06953125 0.24765625 0.1390625
0 0.86796875 0.3234375 0.20625 0.115625