0 0.48359375 0.5734375 0.00859375 0.04375
0 0.17109375 0.48671875 0.00859375 0.0359375
0 0.1453125 0.50625 0.01640625 0.0375
0 0.178125 0.475 0.0109375 0.0375
0 0.17890625 0.43984375 0.0109375 0.02890625
0 0.19453125 0.43984375 0.00859375 0.03046875
0 0.22109375 0.43046875 0.0078125 0.03203125
0 0.375 0.528125 0.01171875 0.03359375
0 0.38984375 0.52578125 0.00859375 0.03828125
0 0.49375 0.5765625 0.0078125 0.02578125
0 0.3640625 0.41484375 0.009375 0.021875
0 0.3734375 0.4109375 0.00859375 0.0234375
0 0.3859375 0.4109375 0.009375 0.02421875
0 0.17578125 0.4140625 0.009375 0.0234375
0 0.18046875 0.41015625 0.00859375 0.025