0 0.9125 0.72578125 0.175 0.0890625
0 0.8609375 0.33203125 0.203125 0.096875
0 0.91875 0.6734375 0.1625 0.078125
0 0.71796875 0.7015625 0.1578125 0.078125
0 0.6046875 0.74453125 0.125 0.0625
0 0.465625 0.18515625 0.109375 0.04375
0 0.47890625 0.16796875 0.1125 0.0546875
0 0.3953125 0.440625 0.071875 0.0375
0 0.43515625 0.584375 0.0765625 0.0453125
0 0.4953125 0.67265625 0.096875 0.0421875
0 0.4390625 0.71015625 0.0796875 0.0359375
0 0.45703125 0.69765625 0.08125 0.0359375
0 0.4734375 0.134375 0.125 0.0625
0 0.528125 0.06015625 0.1171875 0.05
0 0.50625 0.03125 0.0859375 0.046875
0 0.60546875 0.025 0.1546875 0.05
0 0.4078125 0.284375 0.0953125 0.05
0 0.36171875 0.328125 0.071875 0.0359375
0 0.38359375 0.26640625 0.084375 0.040625
0 0.3859375 0.6671875 0.06875 0.0375
0 0.37890625 0.61484375 0.0703125 0.04375
0 0.56640625 0.25234375 0.1015625 0.0484375