0 0.06953125 0.90625 0.0453125 0.1515625
0 0.1203125 0.89140625 0.04140625 0.2
0 0.22265625 0.57421875 0.03203125 0.10859375
0 0.85 0.56171875 0.025 0.08515625
0 0.83125 0.56171875 0.01953125 0.08828125
0 0.2625 0.578125 0.0234375 0.11796875
0 0.2328125 0.54375 0.0234375 0.103125
0 0.29765625 0.52734375 0.02578125 0.0796875
0 0.2828125 0.584375 0.02421875 0.121875
0 0.30703125 0.58359375 0.02578125 0.075
0 0.3328125 0.55859375 0.0234375 0.06171875
0 0.32578125 0.446875 0.01796875 0.06953125
0 0.7890625 0.5171875 0.01796875 0.08203125
0 0.7078125 0.4453125 0.01484375 0.07265625
0 0.73984375 0.50546875 0.01875 0.08125
0 0.784375 0.47421875 0.015625 0.040625
0 0.746875 0.43828125 0.015625 0.03515625
0 0.7203125 0.434375 0.015625 0.05859375
0 0.63984375 0.3640625 0.0140625 0.053125
0 0.65859375 0.36796875 0.015625 0.0625
0 0.67109375 0.38984375 0.01171875 0.075
0 0.7578125 0.48828125 0.02109375 0.06953125
0 0.72578125 0.4765625 0.01796875 0.07265625
0 0.33515625 0.31328125 0.0125 0.03828125
0 0.5578125 0.3546875 0.01484375 0.053125
0 0.546875 0.36484375 0.0109375 0.03125
0 0.3234375 0.38359375 0.01328125 0.05078125
0 0.346875 0.29765625 0.0171875 0.0546875
0 0.6171875 0.328125 0.01875 0.0453125
0 0.50234375 0.24609375 0.01171875 0.03671875