0 0.14765625 0.51328125 0.02890625 0.0453125
0 0.16796875 0.49140625 0.0109375 0.0328125
0 0.1765625 0.47890625 0.0109375 0.0359375
0 0.4890625 0.575 0.0125 0.03828125
0 0.48515625 0.57265625 0.01328125 0.04609375
0 0.37265625 0.52109375 0.0109375 0.03359375
0 0.3890625 0.5265625 0.01328125 0.04296875
0 0.36875 0.41953125 0.01328125 0.03515625
0 0.38671875 0.41875 0.0125 0.0375
0 0.2015625 0.4484375 0.00859375 0.03125
0 0.1984375 0.45 0.01015625 0.03359375
0 0.1796875 0.45546875 0.01015625 0.0265625
0 0.22109375 0.44609375 0.0109375 0.03125
0 0.18125 0.4234375 0.01328125 0.03359375