0 0.4296875 0.471875 0.04375 0.0140625
0 0.57265625 0.1796875 0.0328125 0.0125
0 0.5546875 0.14921875 0.0359375 0.021875
0 0.61875 0.2375 0.028125 0.0109375
0 0.49296875 0.371875 0.034375 0.0171875
0 0.49296875 0.3875 0.0375 0.0125
0 0.425 0.478125 0.025 0.0140625
0 0.60703125 0.38046875 0.0203125 0.009375
0 0.6125 0.390625 0.0234375 0.0109375
0 0.61171875 0.403125 0.0203125 0.0125
0 0.6296875 0.1984375 0.01875 0.009375
0 0.6109375 0.22265625 0.0265625 0.0109375
0 0.6453125 0.20234375 0.0171875 0.009375
0 0.6125 0.20859375 0.0328125 0.0125
0 0.5796875 0.18828125 0.0359375 0.0171875
0 0.62421875 0.24765625 0.021875 0.009375
0 0.6109375 0.1953125 0.025 0.0109375