0 0.68046875 0.1828125 0.00625 0.0109375
0 0.2921875 0.2828125 0.00625 0.01484375
0 0.38203125 0.2296875 0.00625 0.02421875
0 0.3859375 0.23203125 0.00546875 0.01953125
0 0.53359375 0.33984375 0.00625 0.028125
0 0.50859375 0.359375 0.01015625 0.01484375
0 0.709375 0.38828125 0.0109375 0.02890625
0 0.72578125 0.38828125 0.00625 0.028125
0 0.4890625 0.29453125 0.00625 0.028125
0 0.49296875 0.296875 0.00625 0.03203125
0 0.4796875 0.25234375 0.00625 0.015625
0 0.52421875 0.21875 0.00625 0.01953125
0 0.46640625 0.21640625 0.00703125 0.015625
0 0.3546875 0.14296875 0.00625 0.0109375
0 0.36875 0.1359375 0.00625 0.01484375
0 0.4578125 0.103125 0.00625 0.01015625
0 0.5203125 0.078125 0.00625 0.015625
0 0.52421875 0.07890625 0.00625 0.01484375