0 0.79453125 0.2125 0.11875 0.196875
0 0.70546875 0.59375 0.1359375 0.1953125
0 0.78515625 0.6109375 0.121875 0.1875
0 0.875 0.66953125 0.109375 0.16875
0 0.8828125 0.85859375 0.1796875 0.1671875
0 0.79609375 0.9390625 0.1859375 0.121875
0 0.67421875 0.91796875 0.0953125 0.1640625
0 0.6078125 0.83515625 0.1109375 0.2
0 0.64921875 0.47578125 0.1109375 0.2125
0 0.56328125 0.1171875 0.1765625 0.234375
0 0.590625 0.2890625 0.140625 0.175
0 0.44296875 0.34375 0.153125 0.228125
0 0.3734375 0.13515625 0.175 0.15625
0 0.10703125 0.04296875 0.1296875 0.0859375
0 0.20703125 0.18984375 0.14375 0.2
0 0.2890625 0.38984375 0.146875 0.159375
0 0.10234375 0.4296875 0.1359375 0.159375
0 0.08046875 0.5921875 0.109375 0.1625
0 0.04765625 0.846875 0.0953125 0.2125
0 0.15234375 0.690625 0.096875 0.171875
0 0.2828125 0.64296875 0.128125 0.1921875
0 0.1859375 0.55 0.109375 0.1671875
0 0.38984375 0.54453125 0.09375 0.184375
0 0.45625 0.64921875 0.096875 0.134375
0 0.27890625 0.8203125 0.1890625 0.1625
0 0.5296875 0.78203125 0.1125 0.1625
0 0.571875 0.65078125 0.15625 0.15625
0 0.0796875 0.23125 0.134375 0.278125
0 0.4875 0.915625 0.128125 0.16875