0 0.16796875 0.1796875 0.0515625 0.1640625
0 0.18828125 0.2171875 0.0359375 0.1390625
0 0.82578125 0.225 0.0375 0.1265625
0 0.89609375 0.20078125 0.046875 0.125
0 0.8515625 0.24140625 0.0375 0.1265625
0 0.23984375 0.425 0.0328125 0.084375
0 0.875 0.2125 0.0375 0.1234375
0 0.87734375 0.2734375 0.0265625 0.0375
0 0.246875 0.4453125 0.0265625 0.0875
0 0.71953125 0.4609375 0.021875 0.0640625
0 0.6828125 0.49140625 0.01875 0.0671875
0 0.29375 0.47265625 0.025 0.05
0 0.27734375 0.4109375 0.0234375 0.09375
0 0.26796875 0.42109375 0.0234375 0.0953125
0 0.30234375 0.421875 0.0203125 0.0640625
0 0.28984375 0.42578125 0.01875 0.071875
0 0.31953125 0.4421875 0.021875 0.053125
0 0.70625 0.46328125 0.0234375 0.0640625
0 0.64296875 0.5 0.01875 0.071875
0 0.32578125 0.45625 0.01875 0.046875
0 0.6046875 0.5953125 0.0140625 0.0609375
0 0.57578125 0.61484375 0.0125 0.053125
0 0.63125 0.53203125 0.015625 0.065625
0 0.6796875 0.52890625 0.0203125 0.0296875
0 0.65546875 0.5484375 0.015625 0.0453125
0 0.6390625 0.56015625 0.01875 0.0453125
0 0.659375 0.4890625 0.01875 0.065625
0 0.31875 0.65078125 0.0125 0.046875
0 0.31328125 0.5296875 0.015625 0.05625
0 0.509375 0.6265625 0.0109375 0.040625
0 0.51796875 0.63203125 0.015625 0.0546875
0 0.36875 0.6375 0.015625 0.0515625
0 0.53203125 0.64375 0.0140625 0.034375
0 0.4671875 0.73046875 0.0109375 0.03125
0 0.47734375 0.71484375 0.009375 0.028125
0 0.921875 0.0640625 0.0265625 0.0875
0 0.92265625 0.12734375 0.01875 0.0625
0 0.90546875 0.11328125 0.028125 0.0609375