0 0.18125 0.13046875 0.0265625 0.0421875
0 0.2609375 0.11171875 0.03125 0.04375
0 0.16875 0.2140625 0.03125 0.04375
0 0.18828125 0.18828125 0.0375 0.0359375
0 0.2640625 0.2625 0.034375 0.0390625
0 0.27890625 0.2015625 0.028125 0.0375
0 0.2875 0.165625 0.028125 0.040625
0 0.3140625 0.125 0.0296875 0.034375
0 0.31640625 0.1546875 0.0234375 0.0359375
0 0.346875 0.28828125 0.03125 0.0375
0 0.5390625 0.26640625 0.021875 0.034375
0 0.4421875 0.03984375 0.0296875 0.046875
0 0.340625 0.240625 0.025 0.028125
0 0.346875 0.209375 0.025 0.034375
0 0.40390625 0.41171875 0.021875 0.0296875
0 0.4296875 0.4375 0.0171875 0.0265625
0 0.4421875 0.43515625 0.0203125 0.0265625
0 0.46171875 0.44765625 0.0203125 0.0265625
0 0.44765625 0.384375 0.025 0.028125
0 0.49140625 0.40078125 0.0265625 0.034375
0 0.49140625 0.45234375 0.025 0.021875
0 0.4984375 0.4703125 0.025 0.0328125
0 0.56171875 0.33125 0.0234375 0.028125
0 0.5859375 0.325 0.0359375 0.0421875
0 0.68828125 0.33515625 0.0265625 0.03125
0 0.76015625 0.3046875 0.0359375 0.040625
0 0.740625 0.33359375 0.0375 0.0328125
0 0.63984375 0.3546875 0.0203125 0.025
0 0.66953125 0.3671875 0.0296875 0.034375
0 0.76796875 0.52890625 0.03125 0.0375
0 0.778125 0.496875 0.0265625 0.028125
0 0.8671875 0.5125 0.0359375 0.0515625
0 0.79453125 0.4734375 0.0265625 0.03125
0 0.8375 0.509375 0.025 0.0265625
0 0.82265625 0.4890625 0.0296875 0.0328125
0 0.66640625 0.4546875 0.0234375 0.03125
0 0.71328125 0.43828125 0.0234375 0.0296875
0 0.69140625 0.4484375 0.0265625 0.034375
0 0.64453125 0.528125 0.025 0.0265625
0 0.6671875 0.50859375 0.0140625 0.021875
0 0.659375 0.55859375 0.028125 0.04375
0 0.7234375 0.49140625 0.0203125 0.0234375
0 0.6078125 0.44765625 0.0234375 0.03125
0 0.6328125 0.409375 0.0265625 0.04375
0 0.6375 0.4640625 0.0234375 0.0375
0 0.90859375 0.346875 0.03125 0.040625
0 0.9640625 0.47109375 0.0296875 0.0328125
0 0.9046875 0.63125 0.0390625 0.05
0 0.9046875 0.56875 0.034375 0.0390625
0 0.85625 0.66796875 0.025 0.0265625
0 0.925 0.81015625 0.028125 0.0453125
0 0.9375 0.803125 0.025 0.04375
0 0.46875 0.85546875 0.0234375 0.034375
0 0.51171875 0.80625 0.0265625 0.0484375
0 0.59921875 0.90703125 0.028125 0.040625
0 0.58671875 0.7984375 0.0234375 0.034375
0 0.60546875 0.9671875 0.0265625 0.03125
0 0.653125 0.9 0.025 0.0453125
0 0.66953125 0.90859375 0.0203125 0.025
0 0.5828125 0.7171875 0.021875 0.0265625
0 0.6234375 0.79140625 0.0234375 0.034375
0 0.63046875 0.709375 0.0203125 0.0328125
0 0.64765625 0.71171875 0.021875 0.025
0 0.65625 0.66640625 0.028125 0.0375
0 0.66640625 0.65 0.025 0.0390625
0 0.684375 0.703125 0.0234375 0.028125
0 0.67265625 0.71953125 0.01875 0.021875
0 0.5140625 0.51640625 0.0203125 0.0328125
0 0.53984375 0.5265625 0.021875 0.028125
0 0.528125 0.54453125 0.025 0.0359375
0 0.534375 0.5796875 0.0375 0.03125
0 0.553125 0.65 0.0265625 0.028125
0 0.6453125 0.60546875 0.0265625 0.034375
0 0.61484375 0.6390625 0.0296875 0.0296875
0 0.634375 0.66015625 0.0234375 0.0359375
0 0.7921875 0.665625 0.0265625 0.03125
0 0.778125 0.634375 0.0265625 0.03125
0 0.78359375 0.60078125 0.0328125 0.03125