0 0.32734375 0.1703125 0.0109375 0.01875
0 0.2875 0.19375 0.0078125 0.015625
0 0.3 0.18828125 0.0078125 0.015625
0 0.7734375 0.4828125 0.009375 0.0328125
0 0.7953125 0.4921875 0.0125 0.0375
0 0.69921875 0.56796875 0.0140625 0.0296875
0 0.5015625 0.4625 0.0125 0.025
0 0.49609375 0.37265625 0.009375 0.0328125
0 0.47265625 0.36328125 0.009375 0.028125
0 0.53203125 0.42578125 0.009375 0.0375
0 0.23515625 0.36875 0.0078125 0.015625
0 0.2390625 0.3609375 0.0078125 0.01875
0 0.43203125 0.26328125 0.0078125 0.0203125
0 0.30625 0.315625 0.0078125 0.0109375
0 0.46796875 0.3171875 0.0078125 0.025
0 0.3421875 0.16171875 0.0078125 0.015625
0 0.38203125 0.14453125 0.0078125 0.015625
0 0.4984375 0.0921875 0.0078125 0.009375
0 0.484375 0.08828125 0.0078125 0.015625
0 0.68125 0.18828125 0.0078125 0.0125