0 0.49609375 0.4234375 0.015625 0.0421875
0 0.153125 0.43203125 0.028125 0.04375
0 0.21484375 0.515625 0.0140625 0.0328125
0 0.37890625 0.453125 0.015625 0.0390625
0 0.3953125 0.4546875 0.01875 0.0421875
0 0.17421875 0.50234375 0.0171875 0.0296875
0 0.1953125 0.51015625 0.015625 0.03125
0 0.17109375 0.53203125 0.0140625 0.03125
0 0.3578125 0.55703125 0.0140625 0.0328125
0 0.50546875 0.425 0.0125 0.03125
0 0.17890625 0.46953125 0.01875 0.0390625
0 0.1703125 0.45546875 0.0140625 0.0328125
0 0.20234375 0.53671875 0.0125 0.01875
0 0.375 0.5625 0.0140625 0.0296875
0 0.36484375 0.56328125 0.0109375 0.0234375