0 0.23203125 0.6078125 0.0453125 0.1265625
0 0.1453125 0.9359375 0.059375 0.128125
0 0.0890625 0.9625 0.0625 0.075
0 0.7203125 0.43125 0.0234375 0.0859375
0 0.2703125 0.61328125 0.034375 0.1296875
0 0.871875 0.54296875 0.0328125 0.096875
0 0.553125 0.3515625 0.028125 0.0671875
0 0.809375 0.48671875 0.03125 0.1078125
0 0.7640625 0.42578125 0.0234375 0.0484375
0 0.32578125 0.47109375 0.0265625 0.0828125
0 0.81953125 0.5 0.0265625 0.0890625
0 0.3046875 0.5421875 0.0328125 0.0609375
0 0.23359375 0.54921875 0.0328125 0.0484375
0 0.29765625 0.62421875 0.0359375 0.1171875
0 0.740625 0.45703125 0.028125 0.078125
0 0.63828125 0.35390625 0.025 0.0578125
0 0.89296875 0.540625 0.0328125 0.0921875
0 0.34921875 0.609375 0.040625 0.115625
0 0.57265625 0.29140625 0.021875 0.0609375
0 0.6109375 0.31796875 0.025 0.0578125
0 0.65859375 0.35859375 0.028125 0.06875
0 0.67734375 0.38046875 0.021875 0.0765625
0 0.3234375 0.32890625 0.021875 0.0578125
0 0.76328125 0.49375 0.034375 0.0921875