0 0.146875 0.509375 0.01171875 0.03828125
0 0.1671875 0.49140625 0.009375 0.0375
0 0.17578125 0.48515625 0.01015625 0.04140625
0 0.37265625 0.51953125 0.00859375 0.03125
0 0.3890625 0.53046875 0.0140625 0.0390625
0 0.484375 0.57265625 0.0078125 0.04609375
0 0.49375 0.5765625 0.00859375 0.0296875
0 0.1984375 0.4515625 0.0078125 0.02890625
0 0.18125 0.44921875 0.0078125 0.0328125
0 0.2125 0.43125 0.0078125 0.02734375
0 0.36796875 0.43046875 0.0078125 0.03203125
0 0.37734375 0.42890625 0.00859375 0.0265625
0 0.38671875 0.428125 0.009375 0.02890625