0 0.7484375 0.33046875 0.1375 0.1046875
0 0.6953125 0.40625 0.19375 0.1578125
0 0.91953125 0.3296875 0.1609375 0.165625
0 0.44375 0.178125 0.1515625 0.146875
0 0.33671875 0.1734375 0.1484375 0.128125
0 0.39609375 0.27578125 0.1703125 0.1078125
0 0.2578125 0.25546875 0.153125 0.13125
0 0.87421875 0.47265625 0.1625 0.128125
0 0.86328125 0.5921875 0.2 0.13125
0 0.83359375 0.7015625 0.2671875 0.1578125
0 0.59296875 0.6046875 0.1484375 0.115625
0 0.57421875 0.7109375 0.1578125 0.1375
0 0.85546875 0.846875 0.1515625 0.115625
0 0.11328125 0.275 0.159375 0.1375
0 0.45 0.60546875 0.1640625 0.11875
0 0.971875 0.43125 0.05625 0.13125
0 0.37265625 0.70546875 0.228125 0.1515625
0 0.7828125 0.94453125 0.23125 0.1109375
0 0.58359375 0.9234375 0.1796875 0.153125
0 0.20546875 0.8265625 0.1625 0.1296875
0 0.39140625 0.90625 0.2046875 0.1671875
0 0.21015625 0.390625 0.1546875 0.1375
0 0.06328125 0.48515625 0.1265625 0.1296875