0 0.55859375 0.2703125 0.0296875 0.0265625
0 0.55390625 0.16171875 0.0359375 0.0265625
0 0.4203125 0.23046875 0.0546875 0.0234375
0 0.50390625 0.22109375 0.0375 0.0203125
0 0.3734375 0.4609375 0.0484375 0.021875
0 0.53515625 0.4328125 0.0171875 0.0234375
0 0.509375 0.44140625 0.0171875 0.0234375
0 0.23984375 0.04609375 0.0859375 0.0453125
0 0.19765625 0.13671875 0.0296875 0.0234375
0 0.1890625 0.14375 0.0265625 0.0265625
0 0.1875 0.315625 0.034375 0.0234375
0 0.16640625 0.3015625 0.025 0.0234375
0 0.059375 0.41875 0.01875 0.034375
0 0.3625 0.66640625 0.0421875 0.0296875
0 0.3171875 0.7296875 0.0640625 0.028125
0 0.30859375 0.74296875 0.0640625 0.025
0 0.196875 0.70703125 0.0203125 0.0296875
0 0.14765625 0.521875 0.0171875 0.0234375
0 0.0390625 0.82578125 0.0359375 0.0375
0 0.04296875 0.8890625 0.0484375 0.021875
0 0.39140625 0.8390625 0.028125 0.0171875
0 0.4078125 0.82109375 0.0390625 0.0265625
0 0.56640625 0.7703125 0.0234375 0.0453125
0 0.59453125 0.7671875 0.0125 0.021875
0 0.59140625 0.7453125 0.0171875 0.0375
0 0.33359375 0.984375 0.0265625 0.03125