0 0.63046875 0.8203125 0.2703125 0.1859375
0 0.3140625 0.87578125 0.209375 0.18125
0 0.5671875 0.70234375 0.240625 0.1640625
0 0.77734375 0.62890625 0.2265625 0.1296875
0 0.4125 0.64453125 0.190625 0.153125
0 0.178125 0.69609375 0.1828125 0.14375
0 0.5296875 0.50859375 0.271875 0.146875
0 0.08515625 0.63125 0.153125 0.1046875
0 0.2265625 0.59375 0.2265625 0.15
0 0.63046875 0.62890625 0.2140625 0.1453125
0 0.90703125 0.25390625 0.14375 0.121875
0 0.3953125 0.42265625 0.16875 0.1453125
0 0.475 0.32265625 0.2578125 0.1390625
0 0.68203125 0.159375 0.2125 0.1546875
0 0.88984375 0.121875 0.1484375 0.1359375
0 0.86328125 0.36328125 0.25625 0.134375
0 0.7453125 0.3 0.19375 0.1796875
0 0.2484375 0.33046875 0.234375 0.1390625
0 0.11328125 0.4 0.1734375 0.121875
0 0.4328125 0.059375 0.271875 0.11875
0 0.0609375 0.234375 0.121875 0.128125
0 0.25 0.11015625 0.23125 0.18125
0 0.10234375 0.1578125 0.1890625 0.175
0 0.05234375 0.090625 0.1046875 0.090625
0 0.0140625 0.14140625 0.028125 0.0921875
0 0.48671875 0.1875 0.1609375 0.14375
0 0.49453125 0.09921875 0.2046875 0.1203125