0 0.81171875 0.98828125 0.0421875 0.0234375
0 0.8765625 0.91328125 0.034375 0.0328125
0 0.73671875 0.85390625 0.034375 0.0328125
0 0.63984375 0.82109375 0.0234375 0.0234375
0 0.78515625 0.81171875 0.0328125 0.04375
0 0.721875 0.821875 0.0296875 0.0359375
0 0.6015625 0.72265625 0.0234375 0.021875
0 0.59375 0.678125 0.021875 0.01875
0 0.63203125 0.65703125 0.03125 0.021875
0 0.653125 0.7625 0.0296875 0.0234375
0 0.70546875 0.771875 0.0265625 0.0265625
0 0.66796875 0.66953125 0.0328125 0.0296875
0 0.70390625 0.6484375 0.03125 0.0234375
0 0.6578125 0.6328125 0.03125 0.0296875
0 0.665625 0.58125 0.028125 0.021875
0 0.7390625 0.53359375 0.0359375 0.028125
0 0.8984375 0.7546875 0.040625 0.046875
0 0.8546875 0.71328125 0.04375 0.0359375
0 0.7 0.5265625 0.0296875 0.0296875
0 0.69765625 0.72265625 0.0359375 0.0390625
0 0.6828125 0.49375 0.034375 0.025
0 0.72109375 0.48046875 0.028125 0.0203125
0 0.79140625 0.353125 0.025 0.01875
0 0.68984375 0.4796875 0.0265625 0.01875
0 0.7703125 0.2609375 0.025 0.0171875
0 0.778125 0.22109375 0.028125 0.021875
0 0.90546875 0.303125 0.0390625 0.0390625
0 0.9015625 0.7109375 0.0390625 0.0421875
0 0.9703125 0.2234375 0.0421875 0.0328125
0 0.84609375 0.22890625 0.0359375 0.0390625
0 0.89921875 0.209375 0.0296875 0.0375