0 0.075 0.80859375 0.15 0.1796875
0 0.05234375 0.89609375 0.1046875 0.0921875
0 0.159375 0.74921875 0.175 0.153125
0 0.29609375 0.6609375 0.1796875 0.153125
0 0.04453125 0.55 0.0890625 0.071875
0 0.13125 0.4359375 0.2625 0.153125
0 0.1046875 0.35078125 0.190625 0.15625
0 0.08125 0.1328125 0.075 0.1203125
0 0.28984375 0.36953125 0.2171875 0.1984375
0 0.36796875 0.5171875 0.1828125 0.1328125
0 0.38359375 0.2515625 0.2390625 0.1640625
0 0.5609375 0.28984375 0.1609375 0.1375
0 0.540625 0.3984375 0.1875 0.1625
0 0.89296875 0.17890625 0.2140625 0.1578125
0 0.78671875 0.31015625 0.1609375 0.1265625
0 0.9015625 0.4296875 0.196875 0.159375
0 0.7828125 0.559375 0.1640625 0.109375
0 0.63515625 0.53203125 0.1421875 0.115625
0 0.765625 0.73671875 0.221875 0.13125
0 0.76953125 0.63828125 0.1984375 0.13125
0 0.89765625 0.74921875 0.146875 0.096875
0 0.7015625 0.80703125 0.2421875 0.1375
0 0.8265625 0.8421875 0.1890625 0.153125
0 0.86796875 0.86015625 0.175 0.1359375
0 0.26171875 0.89453125 0.1984375 0.128125
0 0.3625 0.78125 0.2703125 0.1328125
0 0.41953125 0.8515625 0.18125 0.121875
0 0.39375 0.94765625 0.259375 0.1046875
0 0.62578125 0.95546875 0.2546875 0.0890625