0 0.35859375 0.12578125 0.0375 0.025
0 0.14453125 0.25625 0.0546875 0.0671875
0 0.3796875 0.5359375 0.0484375 0.01875
0 0.20859375 0.4171875 0.040625 0.05
0 0.25234375 0.440625 0.0484375 0.025
0 0.01640625 0.559375 0.0328125 0.08125
0 0.190625 0.58046875 0.046875 0.034375
0 0.15546875 0.596875 0.034375 0.046875
0 0.1328125 0.625 0.059375 0.0359375
0 0.12578125 0.72109375 0.0640625 0.03125
0 0.3140625 0.62890625 0.0265625 0.0125
0 0.31953125 0.7296875 0.034375 0.015625
0 0.37109375 0.24296875 0.0296875 0.01875
0 0.31171875 0.29765625 0.0328125 0.0375
0 0.28515625 0.68046875 0.034375 0.0203125
0 0.278125 0.62890625 0.0359375 0.0234375
0 0.275 0.66640625 0.034375 0.01875
0 0.2484375 0.646875 0.0296875 0.028125
0 0.29296875 0.7609375 0.034375 0.015625
0 0.25390625 0.78984375 0.034375 0.01875
0 0.22578125 0.8421875 0.046875 0.034375
0 0.2203125 0.8140625 0.0453125 0.0359375
0 0.3109375 0.63359375 0.0328125 0.0140625
0 0.23515625 0.646875 0.0328125 0.0265625