0 0.484375 0.57421875 0.00625 0.04296875
0 0.171875 0.484375 0.00625 0.0328125
0 0.1453125 0.50703125 0.015625 0.03359375
0 0.22109375 0.42890625 0.00625 0.02890625
0 0.375 0.52890625 0.0109375 0.0328125
0 0.390625 0.5265625 0.00625 0.03671875
0 0.49140625 0.57734375 0.01015625 0.0234375
0 0.3640625 0.415625 0.00703125 0.01953125
0 0.37265625 0.40859375 0.00625 0.0234375
0 0.38515625 0.40703125 0.00859375 0.01796875
0 0.18046875 0.425 0.00625 0.0171875
0 0.2078125 0.4390625 0.00625 0.0265625
0 0.18125 0.40859375 0.00625 0.01484375
0 0.19375 0.43984375 0.00625 0.0328125
0 0.17890625 0.47578125 0.0109375 0.034375
0 0.2296875 0.421875 0.00546875 0.021875
0 0.18046875 0.44375 0.00546875 0.025