0 0.515625 0.06484375 0.00625 0.0140625
0 0.52421875 0.0671875 0.00625 0.01015625
0 0.5203125 0.0640625 0.00625 0.01484375
0 0.38203125 0.1140625 0.00625 0.01484375
0 0.390625 0.11171875 0.00546875 0.01171875
0 0.37734375 0.11640625 0.00625 0.0109375
0 0.3953125 0.11171875 0.00546875 0.0109375
0 0.31953125 0.23828125 0.00625 0.01484375
0 0.31015625 0.25 0.00625 0.0109375
0 0.50859375 0.28828125 0.01015625 0.015625
0 0.4890625 0.240625 0.00625 0.01875
0 0.4796875 0.203125 0.00625 0.015625
0 0.4890625 0.18515625 0.00625 0.015625
0 0.46171875 0.08515625 0.00625 0.0109375
0 0.6453125 0.1546875 0.00625 0.01328125
0 0.66953125 0.30078125 0.01015625 0.0234375
0 0.68125 0.30078125 0.00625 0.02421875
0 0.52890625 0.26640625 0.00625 0.0234375