0 0.52890625 0.490625 0.0375 0.0140625
0 0.546875 0.5234375 0.0171875 0.0125
0 0.39609375 0.4734375 0.0296875 0.0171875
0 0.440625 0.43671875 0.0453125 0.01875
0 0.37265625 0.08203125 0.04375 0.0234375
0 0.36640625 0.0453125 0.0515625 0.025
0 0.6078125 0.5203125 0.03125 0.0125
0 0.68046875 0.56328125 0.034375 0.0125
0 0.67421875 0.59453125 0.025 0.0109375
0 0.5375 0.7953125 0.0203125 0.0125
0 0.72578125 0.7921875 0.0125 0.0078125
0 0.734375 0.78046875 0.0171875 0.009375
0 0.771875 0.73359375 0.0171875 0.009375
0 0.78984375 0.71484375 0.0171875 0.009375
0 0.84296875 0.634375 0.0140625 0.009375
0 0.85546875 0.61875 0.015625 0.009375
0 0.83046875 0.65 0.0171875 0.009375
0 0.890625 0.5625 0.0171875 0.009375
0 0.9 0.56015625 0.0171875 0.009375
0 0.90546875 0.53359375 0.0171875 0.009375
0 0.634375 0.7046875 0.028125 0.0125
0 0.640625 0.70078125 0.021875 0.0109375
0 0.64375 0.6828125 0.0203125 0.009375
0 0.64453125 0.68828125 0.0171875 0.009375
0 0.80234375 0.31484375 0.025 0.0109375
0 0.2046875 0.0953125 0.053125 0.028125