0 0.4578125 0.79296875 0.01015625 0.04296875
0 0.74375 0.78359375 0.01015625 0.04296875
0 0.753125 0.77734375 0.009375 0.0453125
0 0.7640625 0.77890625 0.01328125 0.04453125
0 0.94375 0.75625 0.01640625 0.0484375
0 0.9140625 0.94140625 0.01640625 0.05
0 0.83515625 0.9796875 0.01796875 0.03984375
0 0.975 0.95859375 0.02109375 0.06328125
0 0.22578125 0.8953125 0.0171875 0.05546875
0 0.22109375 0.84609375 0.01171875 0.034375
0 0.228125 0.8859375 0.0140625 0.046875
0 0.15078125 0.86875 0.01171875 0.03515625
0 0.14609375 0.87578125 0.0109375 0.02890625
0 0.35625 0.76875 0.01328125 0.04140625
0 0.33828125 0.7734375 0.01328125 0.034375
0 0.25078125 0.69453125 0.0078125 0.021875
0 0.4046875 0.72265625 0.0140625 0.02890625
0 0.71328125 0.8421875 0.01171875 0.02734375
0 0.72109375 0.84375 0.01015625 0.04609375
0 0.89375 0.759375 0.0125 0.04140625
0 0.98203125 0.74140625 0.0109375 0.0390625
0 0.98828125 0.73203125 0.00859375 0.04296875
0 0.9828125 0.9140625 0.0171875 0.05
0 0.99453125 0.91328125 0.01015625 0.0484375
0 0.85234375 0.98515625 0.015625 0.0296875
0 0.03359375 0.68359375 0.01328125 0.03359375
0 0.01484375 0.990625 0.02109375 0.01796875
0 0.57265625 0.81640625 0.01875 0.0359375
0 0.559375 0.8203125 0.01640625 0.034375
0 0.52421875 0.77734375 0.01015625 0.03203125
0 0.53359375 0.78125 0.01171875 0.028125
0 0.51484375 0.8125 0.0109375 0.0328125
0 0.52421875 0.81171875 0.01015625 0.03203125
0 0.53359375 0.82421875 0.01171875 0.03828125
0 0.625 0.8171875 0.01328125 0.03515625