0 0.50859375 0.33984375 0.01015625 0.01875
0 0.4890625 0.27890625 0.00625 0.02421875
0 0.49375 0.28125 0.00546875 0.02890625
0 0.53359375 0.3171875 0.00546875 0.02734375
0 0.6984375 0.359375 0.00625 0.02421875
0 0.71171875 0.365625 0.00625 0.02890625
0 0.671875 0.175 0.00625 0.01875
0 0.4796875 0.24140625 0.00625 0.0203125
0 0.5203125 0.209375 0.00625 0.01953125
0 0.52890625 0.2078125 0.00625 0.01484375
0 0.3015625 0.2703125 0.00625 0.01484375
0 0.28828125 0.2859375 0.00625 0.0109375
0 0.3640625 0.13828125 0.00625 0.0109375
0 0.37265625 0.13203125 0.00625 0.015625
0 0.38203125 0.1296875 0.00546875 0.0125
0 0.3859375 0.1296875 0.00625 0.0109375
0 0.5203125 0.07109375 0.00625 0.01171875
0 0.52890625 0.07578125 0.00625 0.01953125
0 0.52421875 0.078125 0.00546875 0.0140625