0 0.21796875 0.19296875 0.0265625 0.0296875
0 0.28671875 0.4328125 0.0296875 0.01875
0 0.1265625 0.2328125 0.040625 0.0375
0 0.16640625 0.28125 0.040625 0.0328125
0 0.07265625 0.209375 0.0359375 0.0359375
0 0.309375 0.3921875 0.025 0.0171875
0 0.1875 0.325 0.0265625 0.0328125
0 0.303125 0.48515625 0.0296875 0.01875
0 0.38359375 0.52578125 0.021875 0.0140625
0 0.2796875 0.6171875 0.03125 0.0140625
0 0.25546875 0.784375 0.034375 0.0203125
0 0.34609375 0.58359375 0.025 0.01875
0 0.3203125 0.6 0.028125 0.01875
0 0.23984375 0.55390625 0.0265625 0.028125
0 0.209375 0.5375 0.0453125 0.0234375
0 0.27265625 0.565625 0.0296875 0.0234375
0 0.26953125 0.58203125 0.0234375 0.01875
0 0.2828125 0.5515625 0.0265625 0.0265625
0 0.36640625 0.65234375 0.01875 0.015625
0 0.334375 0.6625 0.025 0.0140625
0 0.32734375 0.68515625 0.0265625 0.015625
0 0.3546875 0.6671875 0.01875 0.0140625
0 0.33046875 0.91796875 0.025 0.0140625
0 0.32265625 0.875 0.0234375 0.0171875
0 0.240625 0.646875 0.0203125 0.01875
0 0.125 0.99375 0.028125 0.0125
0 0.1046875 0.95859375 0.0359375 0.0453125