0 0.35703125 0.96484375 0.0796875 0.04375
0 0.3359375 0.946875 0.0765625 0.0453125
0 0.428125 0.80234375 0.0640625 0.0375
0 0.4078125 0.78046875 0.046875 0.0328125
0 0.2859375 0.5875 0.028125 0.0390625
0 0.60234375 0.3375 0.01875 0.021875
0 0.71015625 0.340625 0.021875 0.01875
0 0.84140625 0.07109375 0.025 0.025
0 0.79609375 0.06015625 0.021875 0.0234375
0 0.73203125 0.0078125 0.0234375 0.015625
0 0.609375 0.01796875 0.021875 0.021875
0 0.56796875 0.0140625 0.0171875 0.028125
0 0.48515625 0.24921875 0.015625 0.021875
0 0.48671875 0.2375 0.01875 0.025
0 0.51796875 0.14609375 0.01875 0.025
0 0.534375 0.15390625 0.0265625 0.03125
0 0.60234375 0.25546875 0.03125 0.01875
0 0.37265625 0.05546875 0.03125 0.0265625
0 0.28828125 0.07421875 0.034375 0.0296875
0 0.328125 0.1640625 0.0265625 0.03125
0 0.02890625 0.2796875 0.0359375 0.0359375
0 0.0578125 0.27421875 0.034375 0.0359375
0 0.2953125 0.45546875 0.0578125 0.028125
0 0.1734375 0.5234375 0.04375 0.0359375
0 0.32734375 0.490625 0.028125 0.0234375
0 0.34375 0.515625 0.025 0.0203125
0 0.1375 0.42890625 0.0421875 0.0328125
0 0.10078125 0.2953125 0.0265625 0.03125
0 0.17578125 0.4328125 0.034375 0.0234375
0 0.35390625 0.1046875 0.040625 0.025
0 0.04375 0.53125 0.0484375 0.0328125
0 0.0203125 0.4546875 0.040625 0.03125
0 0.01171875 0.44140625 0.0234375 0.0171875
0 0.02890625 0.346875 0.034375 0.0265625
0 0.053125 0.21171875 0.025 0.028125
0 0.0234375 0.2265625 0.021875 0.025
0 0.33359375 0.23046875 0.053125 0.025
0 0.32421875 0.30546875 0.0671875 0.028125
0 0.34296875 0.28984375 0.0265625 0.01875
0 0.328125 0.28203125 0.0578125 0.03125