0 0.5390625 0.378125 0.0390625 0.0171875
0 0.5375 0.39375 0.0390625 0.0140625
0 0.57421875 0.4921875 0.0453125 0.0140625
0 0.58359375 0.50390625 0.028125 0.0109375
0 0.54921875 0.1484375 0.040625 0.0203125
0 0.5296875 0.17265625 0.0359375 0.0140625
0 0.51328125 0.17734375 0.0359375 0.0171875
0 0.47109375 0.215625 0.0328125 0.0125
0 0.48125 0.175 0.0296875 0.0125
0 0.47109375 0.19765625 0.028125 0.0125
0 0.4765625 0.1890625 0.028125 0.009375
0 0.45078125 0.171875 0.028125 0.009375
0 0.4296875 0.3546875 0.025 0.0109375
0 0.425 0.36328125 0.021875 0.009375
0 0.42421875 0.37578125 0.0234375 0.009375