0 0.18046875 0.42265625 0.0203125 0.0359375
0 0.225 0.34375 0.040625 0.040625
0 0.01640625 0.425 0.025 0.040625
0 0.38828125 0.2328125 0.040625 0.0640625
0 0.40625 0.1640625 0.0875 0.0671875
0 0.57265625 0.08203125 0.0546875 0.0921875
0 0.60390625 0.02578125 0.0921875 0.0515625
0 0.89296875 0.090625 0.03125 0.0484375
0 0.859375 0.15703125 0.0296875 0.053125
0 0.81328125 0.22265625 0.0265625 0.04375
0 0.7671875 0.26796875 0.0203125 0.0359375
0 0.53671875 0.37578125 0.0265625 0.0453125
0 0.64375 0.28203125 0.015625 0.0375
0 0.634375 0.2890625 0.0171875 0.0296875
0 0.64453125 0.21953125 0.0265625 0.0453125
0 0.7015625 0.2234375 0.025 0.040625
0 0.66484375 0.1765625 0.025 0.0375
0 0.68828125 0.1921875 0.025 0.0375
0 0.67578125 0.15546875 0.0296875 0.04375