0 0.49765625 0.38125 0.1875 0.2578125
0 0.6234375 0.4625 0.1390625 0.2828125
0 0.58515625 0.559375 0.09375 0.140625
0 0.41875 0.203125 0.115625 0.246875
0 0.35 0.4078125 0.1578125 0.1546875
0 0.15390625 0.35234375 0.15 0.18125
0 0.2875 0.15625 0.1328125 0.2921875
0 0.52265625 0.03359375 0.0734375 0.0671875
0 0.646875 0.15234375 0.13125 0.2125
0 0.79921875 0.17734375 0.0984375 0.1953125
0 0.8984375 0.20859375 0.1484375 0.2421875
0 0.884375 0.39375 0.10625 0.146875
0 0.69921875 0.30546875 0.1234375 0.2375
0 0.2703125 0.5609375 0.13125 0.2265625
0 0.07421875 0.86640625 0.1140625 0.203125
0 0.3765625 0.915625 0.13125 0.165625
0 0.32890625 0.73828125 0.1296875 0.125
0 0.4140625 0.66875 0.1421875 0.178125
0 0.47890625 0.9453125 0.0890625 0.109375
0 0.5828125 0.79609375 0.1 0.1921875
0 0.6796875 0.85859375 0.121875 0.234375
0 0.790625 0.92578125 0.0828125 0.1140625
0 0.8125 0.80546875 0.1109375 0.171875
0 0.90390625 0.83671875 0.1421875 0.196875
0 0.80703125 0.6109375 0.15625 0.14375
0 0.9203125 0.6796875 0.1046875 0.21875
0 0.87734375 0.9015625 0.09375 0.153125
0 0.89453125 0.521875 0.2109375 0.1625