0 0.48828125 0.56875 0.00625 0.0421875
0 0.3859375 0.53359375 0.00625 0.0328125
0 0.37265625 0.52421875 0.00703125 0.025
0 0.36796875 0.45390625 0.00625 0.028125
0 0.4953125 0.578125 0.0109375 0.015625
0 0.37265625 0.46171875 0.00546875 0.025
0 0.37734375 0.45859375 0.00546875 0.021875
0 0.18671875 0.47265625 0.01015625 0.02890625
0 0.1765625 0.4703125 0.0046875 0.02265625
0 0.2125 0.46875 0.00546875 0.01875
0 0.20078125 0.45703125 0.01015625 0.015625
0 0.20078125 0.4734375 0.009375 0.02421875
0 0.17890625 0.453125 0.009375 0.015625
0 0.17421875 0.4953125 0.009375 0.01875
0 0.16953125 0.50859375 0.00859375 0.028125
0 0.16796875 0.51328125 0.0125 0.028125