0 0.35703125 0.15625 0.01015625 0.01953125
0 0.31484375 0.1765625 0.00625 0.015625
0 0.328125 0.171875 0.00625 0.015625
0 0.77421875 0.50703125 0.00625 0.0328125
0 0.79453125 0.51796875 0.01015625 0.03671875
0 0.6921875 0.58515625 0.0109375 0.028125
0 0.5046875 0.4625 0.0109375 0.0234375
0 0.50703125 0.37265625 0.00625 0.0328125
0 0.484375 0.36171875 0.00625 0.028125
0 0.53828125 0.42890625 0.00625 0.0375
0 0.24765625 0.34609375 0.00625 0.015625
0 0.25234375 0.3390625 0.00625 0.01953125
0 0.453125 0.25859375 0.00625 0.0203125
0 0.3234375 0.29921875 0.00625 0.0109375
0 0.484375 0.31484375 0.00625 0.02421875
0 0.37265625 0.14921875 0.00625 0.015625
0 0.41328125 0.1359375 0.00625 0.015625
0 0.53359375 0.09375 0.00546875 0.01015625
0 0.5203125 0.08828125 0.00625 0.01484375
0 0.7078125 0.20546875 0.00625 0.01171875