0 0.4421875 0.478125 0.28203125 0.1203125
0 0.22109375 0.39296875 0.26328125 0.16640625
0 0.26796875 0.16953125 0.27265625 0.12109375
0 0.82578125 0.11640625 0.16640625 0.15703125
0 0.09921875 0.56953125 0.1984375 0.096875
0 0.184375 0.6859375 0.1859375 0.10703125
0 0.06328125 0.6546875 0.1265625 0.09375
0 0.06953125 0.75703125 0.13828125 0.14765625
0 0.084375 0.86171875 0.16796875 0.08515625
0 0.23203125 0.7921875 0.1828125 0.14375
0 0.396875 0.93984375 0.23515625 0.09921875
0 0.45234375 0.78984375 0.14453125 0.084375
0 0.48828125 0.84375 0.15 0.121875
0 0.43671875 0.6234375 0.165625 0.09140625
0 0.5421875 0.5671875 0.20703125 0.11171875
0 0.46875 0.36796875 0.12890625 0.09921875
0 0.5515625 0.28671875 0.16953125 0.11875
0 0.65625 0.37265625 0.1921875 0.11796875
0 0.775 0.46640625 0.19609375 0.1
0 0.87265625 0.38046875 0.22265625 0.10859375
0 0.95 0.428125 0.1 0.09609375
0 0.81640625 0.63203125 0.1828125 0.09921875
0 0.71640625 0.7234375 0.23046875 0.1734375
0 0.8671875 0.83046875 0.265625 0.11953125
0 0.9140625 0.9421875 0.171875 0.115625
0 0.8328125 0.94765625 0.2125 0.1046875
0 0.63046875 0.9203125 0.19140625 0.15859375