0 0.36015625 0.76640625 0.1359375 0.1
0 0.371875 0.675 0.190625 0.153125
0 0.20703125 0.8484375 0.1640625 0.1625
0 0.70078125 0.7578125 0.1484375 0.14375
0 0.79765625 0.71171875 0.1453125 0.125
0 0.696875 0.64921875 0.16875 0.103125
0 0.828125 0.60234375 0.15 0.1265625
0 0.18203125 0.7 0.1609375 0.1234375
0 0.1359375 0.5890625 0.1984375 0.125
0 0.121875 0.478125 0.24375 0.15
0 0.36875 0.45078125 0.146875 0.1125
0 0.33515625 0.3484375 0.15625 0.134375
0 0.04921875 0.3609375 0.0984375 0.1125
0 0.934375 0.5171875 0.13125 0.134375
0 0.49453125 0.38359375 0.1625 0.115625
0 0.09375 0.79375 0.1 0.1296875
0 0.515625 0.259375 0.2265625 0.1453125
0 0.06640625 0.2 0.1328125 0.196875
0 0.221875 0.15625 0.175 0.171875
0 0.60703125 0.0734375 0.1609375 0.1265625
0 0.40546875 0.090625 0.2015625 0.1625
0 0.8078125 0.46015625 0.1515625 0.134375
0 0.9015625 0.303125 0.146875 0.1265625