0 0.5015625 0.92890625 0.1125 0.1421875
0 0.8671875 0.83828125 0.0984375 0.1421875
0 0.72578125 0.6015625 0.071875 0.1328125
0 0.55703125 0.48984375 0.065625 0.0953125
0 0.68046875 0.47265625 0.0671875 0.1140625
0 0.146875 0.7484375 0.0828125 0.1390625
0 0.2328125 0.5515625 0.0609375 0.1
0 0.32734375 0.540625 0.0625 0.0984375
0 0.2046875 0.56328125 0.0578125 0.096875
0 0.978125 0.80078125 0.04375 0.1296875
0 0.18125 0.625 0.0609375 0.115625
0 0.41484375 0.32578125 0.0375 0.0578125
0 0.12734375 0.7953125 0.0734375 0.1296875
0 0.1609375 0.70078125 0.06875 0.115625
0 0.1546875 0.66171875 0.0484375 0.06875
0 0.09375 0.7796875 0.0640625 0.1171875
0 0.615625 0.33046875 0.0515625 0.071875
0 0.26796875 0.47734375 0.05 0.071875
0 0.59375 0.375 0.05 0.0796875