0 0.08046875 0.9390625 0.0859375 0.121875
0 0.2296875 0.9671875 0.109375 0.065625
0 0.3859375 0.86796875 0.128125 0.1609375
0 0.47421875 0.94140625 0.0984375 0.1171875
0 0.1328125 0.2640625 0.1421875 0.1859375
0 0.31796875 0.1375 0.1546875 0.253125
0 0.41484375 0.1796875 0.134375 0.259375
0 0.50703125 0.05078125 0.0890625 0.1015625
0 0.51484375 0.3640625 0.165625 0.2328125
0 0.725 0.02890625 0.096875 0.0578125
0 0.678125 0.12578125 0.153125 0.184375
0 0.6359375 0.34453125 0.1375 0.1734375
0 0.921875 0.26875 0.134375 0.2203125
0 0.81484375 0.1953125 0.109375 0.1953125
0 0.74765625 0.328125 0.125 0.221875
0 0.83515625 0.38125 0.1359375 0.15625
0 0.36640625 0.3703125 0.1828125 0.25
0 0.2484375 0.4765625 0.1546875 0.2140625
0 0.42578125 0.58359375 0.1078125 0.1734375
0 0.30078125 0.69140625 0.140625 0.2046875
0 0.5578125 0.7484375 0.0859375 0.16875
0 0.65078125 0.78984375 0.121875 0.2
0 0.6 0.5953125 0.1203125 0.178125
0 0.940625 0.59375 0.11875 0.18125
0 0.83515625 0.65390625 0.1484375 0.1796875
0 0.7984375 0.8203125 0.1171875 0.1421875
0 0.771875 0.9171875 0.0953125 0.121875
0 0.859375 0.91171875 0.0921875 0.1140625
0 0.90625 0.82421875 0.146875 0.2171875
0 0.9328125 0.7328125 0.0796875 0.2046875