0 0.1578125 0.825 0.01875 0.0375
0 0.10234375 0.96328125 0.02109375 0.03828125
0 0.19453125 0.91328125 0.0609375 0.0390625
0 0.37265625 0.834375 0.025 0.03984375
0 0.346875 0.8984375 0.0515625 0.02890625
0 0.60703125 0.69140625 0.0125 0.03046875
0 0.4796875 0.72265625 0.01015625 0.03984375
0 0.24296875 0.68359375 0.0171875 0.025
0 0.3203125 0.66015625 0.01953125 0.021875
0 0.36328125 0.6984375 0.025 0.02109375
0 0.35390625 0.78203125 0.021875 0.02421875
0 0.43046875 0.74765625 0.02734375 0.0203125
0 0.69453125 0.64296875 0.00859375 0.021875
0 0.54609375 0.88046875 0.01875 0.034375
0 0.71171875 0.65390625 0.009375 0.02578125
0 0.609375 0.665625 0.009375 0.02265625
0 0.71875 0.68125 0.01328125 0.02734375
0 0.56953125 0.7328125 0.01171875 0.02890625
0 0.6015625 0.77265625 0.01796875 0.0328125
0 0.5828125 0.76015625 0.01796875 0.0296875
0 0.61875 0.71171875 0.01640625 0.0296875
0 0.63203125 0.69296875 0.0125 0.0296875
0 0.6609375 0.7609375 0.0125 0.034375
0 0.56015625 0.82265625 0.015625 0.0234375
0 0.60234375 0.8421875 0.01484375 0.0390625
0 0.73203125 0.85078125 0.0578125 0.02890625
0 0.9421875 0.84921875 0.015625 0.0421875
0 0.74609375 0.69375 0.0140625 0.02421875
0 0.53359375 0.621875 0.00859375 0.03515625
0 0.6453125 0.6828125 0.0078125 0.0125
0 0.73203125 0.70078125 0.0109375 0.0125