0 0.525 0.57265625 0.0140625 0.0421875
0 0.85234375 0.4703125 0.0265625 0.04375
0 0.76953125 0.40625 0.0125 0.0328125
0 0.62890625 0.51171875 0.0140625 0.0390625
0 0.6125 0.51484375 0.0171875 0.0421875
0 0.8125 0.4078125 0.015625 0.0296875
0 0.78984375 0.40625 0.0140625 0.03125
0 0.80703125 0.37890625 0.0125 0.03125
0 0.6203125 0.40546875 0.0125 0.0328125
0 0.515625 0.5734375 0.0109375 0.0296875
0 0.8171875 0.440625 0.0171875 0.0390625
0 0.8296875 0.4515625 0.0125 0.0328125
0 0.77578125 0.3828125 0.0109375 0.01875
0 0.603125 0.40546875 0.0125 0.0296875
0 0.6125 0.40234375 0.0109375 0.0234375