0 0.61328125 0.14375 0.253125 0.16875
0 0.29609375 0.01640625 0.1703125 0.0328125
0 0.3453125 0.25 0.2046875 0.153125
0 0.19765625 0.103125 0.29375 0.159375
0 0.1234375 0.2484375 0.1921875 0.14375
0 0.034375 0.41484375 0.0671875 0.1015625
0 0.43515625 0.45703125 0.1453125 0.115625
0 0.59609375 0.4234375 0.2 0.140625
0 0.653125 0.28515625 0.2 0.1421875
0 0.8109375 0.36171875 0.190625 0.15625
0 0.24375 0.56015625 0.209375 0.1671875
0 0.221875 0.784375 0.18125 0.1609375
0 0.05859375 0.7796875 0.1171875 0.1875
0 0.04765625 0.8703125 0.0953125 0.1375
0 0.0234375 0.63984375 0.046875 0.1078125
0 0.64296875 0.6421875 0.2265625 0.15
0 0.38515625 0.596875 0.15 0.1296875
0 0.4625 0.6421875 0.15 0.1125
0 0.4125 0.525 0.1984375 0.1
0 0.1796875 0.46328125 0.1375 0.1078125
0 0.153125 0.6453125 0.190625 0.1390625
0 0.15390625 0.3765625 0.146875 0.121875
0 0.296875 0.42109375 0.190625 0.1328125
0 0.8 0.09453125 0.2234375 0.134375
0 0.96953125 0.21875 0.0609375 0.121875
0 0.84453125 0.5359375 0.23125 0.134375
0 0.91796875 0.45625 0.1640625 0.11875
0 0.946875 0.3578125 0.10625 0.103125
0 0.375 0.73046875 0.1984375 0.1546875
0 0.62890625 0.76484375 0.309375 0.1828125
0 0.6875 0.93828125 0.265625 0.1234375
0 0.8359375 0.73203125 0.221875 0.146875