0 0.0546875 0.3234375 0.109375 0.234375
0 0.06484375 0.475 0.1296875 0.159375
0 0.16328125 0.20078125 0.153125 0.203125
0 0.21328125 0.32890625 0.2109375 0.2578125
0 0.29921875 0.2 0.1921875 0.25625
0 0.171875 0.49453125 0.175 0.190625
0 0.425 0.52890625 0.203125 0.2265625
0 0.4703125 0.43046875 0.1796875 0.2515625
0 0.5296875 0.271875 0.159375 0.20625
0 0.43828125 0.084375 0.1171875 0.16875
0 0.64296875 0.2484375 0.2 0.2765625
0 0.20625 0.6328125 0.1453125 0.125
0 0.23359375 0.7484375 0.1359375 0.153125
0 0.1859375 0.82890625 0.171875 0.18125
0 0.284375 0.91484375 0.171875 0.1703125
0 0.42421875 0.86953125 0.2046875 0.2609375
0 0.33671875 0.94765625 0.1390625 0.1046875
0 0.240625 0.9796875 0.121875 0.040625
0 0.2953125 0.74921875 0.125 0.159375
0 0.503125 0.75390625 0.1453125 0.1796875
0 0.62109375 0.64921875 0.1609375 0.2046875
0 0.6421875 0.5125 0.1609375 0.19375
0 0.74765625 0.74921875 0.175 0.2453125
0 0.58359375 0.9140625 0.1265625 0.165625
0 0.9265625 0.47578125 0.146875 0.1921875
0 0.821875 0.4609375 0.175 0.190625
0 0.778125 0.58359375 0.1625 0.2234375