0 0.61875 0.53203125 0.03125 0.0140625
0 0.94765625 0.1546875 0.065625 0.0265625
0 0.81796875 0.190625 0.0390625 0.01875
0 0.82734375 0.02734375 0.028125 0.04375
0 0.6609375 0.328125 0.0265625 0.0125
0 0.71875 0.4828125 0.03125 0.015625
0 0.6890625 0.2546875 0.01875 0.0171875
0 0.890625 0.23046875 0.028125 0.0375
0 0.87421875 0.359375 0.025 0.0390625
0 0.77265625 0.3671875 0.028125 0.021875
0 0.7421875 0.43515625 0.025 0.040625
0 0.82109375 0.384375 0.028125 0.0234375
0 0.66171875 0.6078125 0.0265625 0.009375
0 0.73125 0.56796875 0.021875 0.015625
0 0.6875 0.6265625 0.025 0.0140625
0 0.70703125 0.61171875 0.0265625 0.015625
0 0.8109375 0.55859375 0.03125 0.021875
0 0.75078125 0.5828125 0.028125 0.01875
0 0.7640625 0.6 0.025 0.01875
0 0.68671875 0.6046875 0.0171875 0.0109375
0 0.81796875 0.596875 0.028125 0.0125
0 0.75078125 0.6546875 0.0296875 0.0125
0 0.63984375 0.6875 0.021875 0.0109375
0 0.65390625 0.70546875 0.0203125 0.009375
0 0.68828125 0.73515625 0.0234375 0.0125
0 0.82265625 0.90546875 0.03125 0.015625
0 0.82890625 0.71171875 0.03125 0.053125
0 0.86171875 0.54765625 0.034375 0.01875
0 0.69921875 0.3703125 0.021875 0.025
0 0.6765625 0.70859375 0.028125 0.0125
0 0.69453125 0.721875 0.015625 0.009375
0 0.70625 0.99453125 0.015625 0.0109375
0 0.6796875 0.64140625 0.0125 0.0125