0 0.52265625 0.571875 0.0125 0.04375
0 0.8265625 0.4578125 0.0125 0.0359375
0 0.85390625 0.475 0.01875 0.0390625
0 0.8203125 0.446875 0.0109375 0.0375
0 0.8140625 0.41328125 0.0125 0.028125
0 0.79921875 0.41328125 0.0125 0.03125
0 0.771875 0.40625 0.0109375 0.03125
0 0.62890625 0.5171875 0.01875 0.0359375
0 0.61171875 0.51640625 0.0125 0.0375
0 0.51328125 0.57578125 0.009375 0.025
0 0.628125 0.403125 0.0109375 0.021875
0 0.61796875 0.4 0.0109375 0.0234375
0 0.60625 0.4015625 0.0109375 0.025
0 0.815625 0.38671875 0.0078125 0.021875
0 0.81015625 0.3828125 0.009375 0.028125