0 0.75625 0.83125 0.040625 0.03125
0 0.70234375 0.715625 0.0390625 0.025
0 0.6 0.42578125 0.0421875 0.01875
0 0.765625 0.478125 0.059375 0.034375
0 0.63515625 0.30625 0.034375 0.015625
0 0.9515625 0.63359375 0.065625 0.078125
0 0.60234375 0.209375 0.0234375 0.015625
0 0.6203125 0.1640625 0.0265625 0.0140625
0 0.7765625 0.31875 0.046875 0.03125
0 0.67734375 0.2578125 0.040625 0.025
0 0.79453125 0.1375 0.05625 0.0359375
0 0.67890625 0.29453125 0.046875 0.028125
0 0.81484375 0.2859375 0.046875 0.06875
0 0.83359375 0.24609375 0.059375 0.0359375
0 0.64921875 0.11953125 0.0484375 0.0234375
0 0.65078125 0.2484375 0.0359375 0.021875
0 0.8125 0.4796875 0.046875 0.0625
0 0.6734375 0.07578125 0.05 0.0296875
0 0.6546875 0.06171875 0.046875 0.028125
0 0.634375 0.3109375 0.025 0.0140625
0 0.696875 0.26796875 0.0296875 0.025
0 0.7125 0.2609375 0.040625 0.025
0 0.74140625 0.6453125 0.0234375 0.021875