0 0.07890625 0.70078125 0.01484375 0.0375
0 0.22734375 0.66484375 0.01015625 0.0375
0 0.28984375 0.72109375 0.0453125 0.02421875
0 0.5671875 0.6140625 0.0109375 0.0421875
0 0.46875 0.77890625 0.01953125 0.059375
0 0.49140625 0.8390625 0.0640625 0.03828125
0 0.66484375 0.84609375 0.02890625 0.059375
0 0.70546875 0.9015625 0.07421875 0.04609375
0 0.75390625 0.959375 0.0453125 0.08125
0 0.9015625 0.9234375 0.0375 0.0640625
0 0.803125 0.64921875 0.01015625 0.0328125
0 0.853125 0.678125 0.0109375 0.0375
0 0.90625 0.72109375 0.0109375 0.0421875
0 0.978125 0.73828125 0.0109375 0.03359375
0 0.96640625 0.75234375 0.015625 0.04140625
0 0.22734375 0.98671875 0.0359375 0.0265625
0 0.67890625 0.66328125 0.009375 0.0234375
0 0.68984375 0.6671875 0.00546875 0.0234375
0 0.6984375 0.71640625 0.015625 0.040625
0 0.75234375 0.70078125 0.01484375 0.0359375
0 0.74296875 0.73203125 0.01484375 0.02890625
0 0.72734375 0.753125 0.01875 0.02421875
0 0.74140625 0.7703125 0.01796875 0.040625