0 0.159375 0.9453125 0.0375 0.0515625
0 0.128125 0.84453125 0.02421875 0.04453125
0 0.23046875 0.6859375 0.01640625 0.0203125
0 0.3109375 0.6609375 0.01171875 0.02421875
0 0.55625 0.91328125 0.02578125 0.0515625
0 0.36484375 0.86015625 0.03984375 0.03671875
0 0.34609375 0.790625 0.02734375 0.0359375
0 0.48046875 0.72734375 0.01875 0.040625
0 0.57578125 0.74765625 0.01640625 0.03828125
0 0.34375 0.93359375 0.03359375 0.03359375
0 0.7484375 0.70234375 0.01015625 0.02890625
0 0.7625 0.69453125 0.01328125 0.02890625
0 0.61328125 0.865625 0.028125 0.0515625
0 0.534375 0.61953125 0.0140625 0.03125
0 0.70390625 0.6375 0.01171875 0.02109375
0 0.72109375 0.6546875 0.01015625 0.02734375
0 0.43515625 0.7546875 0.0390625 0.02421875
0 0.58984375 0.76953125 0.02265625 0.0328125
0 0.61171875 0.778125 0.0203125 0.034375
0 0.67265625 0.7703125 0.01484375 0.04765625
0 0.615625 0.69296875 0.01640625 0.03359375
0 0.64140625 0.69453125 0.0140625 0.0265625
0 0.62734375 0.715625 0.01484375 0.034375
0 0.56796875 0.840625 0.02421875 0.03515625
0 0.35625 0.7 0.028125 0.02265625
0 0.61640625 0.665625 0.01328125 0.0234375
0 0.65703125 0.68515625 0.01171875 0.01640625
0 0.759375 0.87421875 0.05078125 0.03125
0 0.73046875 0.684375 0.01171875 0.0296875