0 0.4 0.1296875 0.16796875 0.12109375
0 0.18359375 0.16640625 0.1515625 0.13671875
0 0.059375 0.196875 0.1140625 0.109375
0 0.32734375 0.3609375 0.1828125 0.11484375
0 0.165625 0.4984375 0.19921875 0.08984375
0 0.484375 0.52890625 0.11640625 0.103125
0 0.36484375 0.45546875 0.14765625 0.07734375
0 0.35 0.596875 0.1515625 0.1046875
0 0.26875 0.9109375 0.1921875 0.10234375
0 0.115625 0.84296875 0.17578125 0.0875
0 0.515625 0.8296875 0.14921875 0.128125
0 0.45 0.709375 0.19453125 0.08515625
0 0.2578125 0.728125 0.16484375 0.096875
0 0.55390625 0.23671875 0.17265625 0.09609375
0 0.70078125 0.5953125 0.14140625 0.09296875
0 0.5765625 0.59375 0.10625 0.0859375
0 0.8953125 0.6671875 0.1796875 0.1125
0 0.82421875 0.34375 0.16484375 0.0875