0 0.721875 0.9328125 0.075 0.03125
0 0.7390625 0.91171875 0.071875 0.0328125
0 0.6234375 0.78515625 0.0609375 0.0265625
0 0.63984375 0.76015625 0.04375 0.02578125
0 0.72578125 0.54921875 0.02265625 0.0359375
0 0.37109375 0.3578125 0.01640625 0.01953125
0 0.265625 0.3796875 0.01875 0.015625
0 0.0890625 0.13671875 0.02265625 0.02265625
0 0.13203125 0.11796875 0.01875 0.01953125
0 0.18515625 0.0484375 0.01796875 0.028125
0 0.00546875 0.03046875 0.0109375 0.0234375
0 0.30859375 0.04453125 0.01875 0.01953125
0 0.3484375 0.0328125 0.01328125 0.028125
0 0.47109375 0.25078125 0.01328125 0.0203125
0 0.4671875 0.2390625 0.01640625 0.02109375
0 0.42109375 0.1546875 0.01640625 0.021875
0 0.40625 0.16484375 0.02109375 0.02734375
0 0.35703125 0.2765625 0.0296875 0.0140625
0 0.5484375 0.03984375 0.02890625 0.02265625
0 0.634375 0.04375 0.03046875 0.02421875
0 0.6109375 0.1390625 0.021875 0.02890625
0 0.94453125 0.0703125 0.03359375 0.03046875
0 0.94765625 0.06484375 0.0453125 0.01796875
0 0.98515625 0.06328125 0.02890625 0.03828125
0 0.92578125 0.2015625 0.03203125 0.03046875
0 0.89609375 0.20078125 0.0296875 0.03046875
0 0.90625 0.98046875 0.03515625 0.01953125
0 0.69375 0.4203125 0.0546875 0.01796875
0 0.82578125 0.46640625 0.0390625 0.0296875
0 0.66875 0.4609375 0.02421875 0.01875
0 0.65625 0.48828125 0.02265625 0.0171875
0 0.84453125 0.3671875 0.03828125 0.02578125
0 0.8578125 0.22890625 0.021875 0.028125
0 0.8078125 0.37734375 0.03125 0.01953125
0 0.575 0.08515625 0.0375 0.01953125
0 0.9546875 0.4515625 0.0453125 0.02578125
0 0.97265625 0.3703125 0.0546875 0.021875
0 0.9796875 0.35703125 0.040625 0.0109375
0 0.9375 0.2671875 0.03046875 0.02109375
0 0.88984375 0.13828125 0.0203125 0.02421875
0 0.921875 0.14765625 0.01875 0.02109375
0 0.6171875 0.20546875 0.05078125 0.01484375
0 0.6390625 0.278125 0.065625 0.0171875
0 0.61796875 0.265625 0.0234375 0.01640625
0 0.63125 0.25546875 0.0546875 0.02265625