0 0.56328125 0.1890625 0.1484375 0.08125
0 0.8015625 0.37890625 0.05625 0.04375
0 0.875 0.3640625 0.109375 0.08125
0 0.58125 0.23125 0.146875 0.071875
0 0.73984375 0.89375 0.1046875 0.0609375
0 0.490625 0.22109375 0.0484375 0.0421875
0 0.76640625 0.90859375 0.128125 0.071875
0 0.6375 0.7921875 0.103125 0.059375
0 0.66875 0.84765625 0.1015625 0.0578125
0 0.621875 0.846875 0.0625 0.0375
0 0.6171875 0.27578125 0.096875 0.0609375
0 0.440625 0.3453125 0.090625 0.05
0 0.59765625 0.25625 0.15 0.0703125
0 0.528125 0.29375 0.1 0.0625
0 0.57734375 0.315625 0.08125 0.0484375
0 0.47109375 0.7359375 0.084375 0.046875
0 0.4359375 0.7015625 0.0765625 0.04375
0 0.44609375 0.7234375 0.0796875 0.0453125
0 0.39921875 0.62578125 0.071875 0.0421875
0 0.5234375 0.76328125 0.059375 0.0359375
0 0.5546875 0.7640625 0.084375 0.04375
0 0.5625 0.8140625 0.0578125 0.0359375
0 0.60078125 0.7796875 0.0921875 0.0515625