0 0.453125 0.8125 0.00859375 0.040625
0 0.6265625 0.878125 0.0078125 0.02578125
0 0.6328125 0.88046875 0.00703125 0.034375
0 0.3640625 0.79375 0.009375 0.0421875
0 0.3453125 0.80078125 0.009375 0.03515625
0 0.22109375 0.878125 0.009375 0.040625
0 0.23515625 0.9140625 0.00859375 0.04921875
0 0.23359375 0.884375 0.009375 0.01796875
0 0.1640625 0.8765625 0.01015625 0.0203125
0 0.1578125 0.90078125 0.00859375 0.03515625
0 0.03671875 0.715625 0.01484375 0.03671875
0 0.16328125 0.90078125 0.00703125 0.03203125
0 0.253125 0.7125 0.00859375 0.02265625
0 0.40625 0.74453125 0.01171875 0.02578125
0 0.51484375 0.834375 0.01171875 0.03203125
0 0.52421875 0.84375 0.009375 0.0359375
0 0.53203125 0.84609375 0.0109375 0.0328125
0 0.5578125 0.8484375 0.0140625 0.0265625
0 0.57265625 0.84140625 0.0140625 0.028125
0 0.7515625 0.80390625 0.0140625 0.0421875
0 0.76015625 0.8 0.01015625 0.04375
0 0.525 0.80546875 0.0109375 0.03671875
0 0.53359375 0.80703125 0.01015625 0.03125
0 0.61328125 0.840625 0.00859375 0.0375
0 0.74375 0.80625 0.01015625 0.040625
0 0.93359375 0.78046875 0.01328125 0.0421875
0 0.890625 0.78828125 0.0078125 0.03984375
0 0.984375 0.7609375 0.0078125 0.0359375
0 0.9890625 0.75625 0.009375 0.04296875
0 0.91484375 0.97578125 0.01328125 0.0484375
0 0.97109375 0.9828125 0.01640625 0.034375
0 0.9859375 0.9328125 0.015625 0.03203125
0 0.9828125 0.96484375 0.01328125 0.03984375
0 0.9953125 0.92734375 0.009375 0.02890625
0 0.9921875 0.97109375 0.0109375 0.04140625
0 0.99609375 0.9578125 0.00703125 0.0359375
0 0.4890625 0.5359375 0.00859375 0.0203125
0 0.98046875 0.74609375 0.0078125 0.0296875
0 0.9703125 0.74765625 0.009375 0.02734375