0 0.9109375 0.73203125 0.040625 0.028125
0 0.978125 0.67109375 0.04375 0.0703125
0 0.85703125 0.52421875 0.046875 0.0359375
0 0.92578125 0.5296875 0.0421875 0.0578125
0 0.6515625 0.34140625 0.0328125 0.0203125
0 0.71875 0.4546875 0.0421875 0.0203125
0 0.75078125 0.6921875 0.0296875 0.0234375
0 0.70546875 0.625 0.0265625 0.025
0 0.7296875 0.57265625 0.028125 0.0296875
0 0.8125 0.55703125 0.0296875 0.028125
0 0.75703125 0.49375 0.028125 0.0328125
0 0.5796875 0.271875 0.0234375 0.015625
0 0.85 0.34453125 0.0390625 0.028125
0 0.58515625 0.25234375 0.0265625 0.015625
0 0.6265625 0.346875 0.0234375 0.015625
0 0.609375 0.2375 0.03125 0.0203125
0 0.70234375 0.365625 0.03125 0.0203125
0 0.73125 0.3234375 0.0375 0.028125
0 0.72421875 0.34453125 0.034375 0.0265625
0 0.66796875 0.32421875 0.0328125 0.0234375
0 0.64609375 0.3171875 0.0328125 0.0203125
0 0.70234375 0.26953125 0.0359375 0.021875
0 0.790625 0.3484375 0.0265625 0.021875
0 0.79765625 0.30234375 0.0421875 0.0265625
0 0.76796875 0.17578125 0.04375 0.0640625
0 0.61328125 0.2078125 0.028125 0.0203125
0 0.60703125 0.43203125 0.0359375 0.01875
0 0.63203125 0.3078125 0.0140625 0.0109375
0 0.62421875 0.21953125 0.015625 0.0140625