0 0.5171875 0.26328125 0.0328125 0.03125
0 0.49453125 0.15703125 0.0390625 0.0328125
0 0.37421875 0.2484375 0.05625 0.03125
0 0.45546875 0.225 0.0390625 0.0265625
0 0.36875 0.48359375 0.05 0.028125
0 0.52265625 0.42734375 0.0203125 0.025
0 0.49921875 0.440625 0.0203125 0.025
0 0.16484375 0.09765625 0.090625 0.0578125
0 0.1390625 0.19453125 0.0328125 0.028125
0 0.13203125 0.203125 0.0296875 0.0296875
0 0.16015625 0.37265625 0.0390625 0.0296875
0 0.13671875 0.3625 0.028125 0.0265625
0 0.0515625 0.496875 0.0234375 0.0359375
0 0.39296875 0.6875 0.0453125 0.0359375
0 0.36015625 0.7578125 0.0671875 0.0390625
0 0.35390625 0.77265625 0.065625 0.0359375
0 0.2375 0.75625 0.025 0.03125
0 0.15625 0.5828125 0.0203125 0.025
0 0.10234375 0.9015625 0.0421875 0.0421875
0 0.11796875 0.9625 0.05 0.028125
0 0.4515625 0.853125 0.03125 0.021875
0 0.46484375 0.83203125 0.0421875 0.0328125
0 0.6125 0.7546875 0.03125 0.046875
0 0.63984375 0.746875 0.015625 0.0234375
0 0.63203125 0.72578125 0.0234375 0.040625
0 0.4203125 0.99375 0.03125 0.0125