0 0.4265625 0.9390625 0.275 0.121875
0 0.33046875 0.90078125 0.140625 0.1171875
0 0.4546875 0.8609375 0.1734375 0.1375
0 0.36484375 0.75859375 0.2546875 0.1703125
0 0.2625 0.67265625 0.25 0.18125
0 0.16953125 0.78046875 0.190625 0.184375
0 0.06484375 0.778125 0.1296875 0.215625
0 0.634375 0.96796875 0.1625 0.0640625
0 0.6890625 0.83203125 0.21875 0.1765625
0 0.6859375 0.7375 0.190625 0.1609375
0 0.76640625 0.64453125 0.228125 0.1515625
0 0.8765625 0.84453125 0.1328125 0.1546875
0 0.85546875 0.76953125 0.1953125 0.1265625
0 0.8140625 0.88515625 0.175 0.16875
0 0.10625 0.31640625 0.165625 0.1265625
0 0.128125 0.44375 0.25625 0.1625
0 0.2859375 0.36796875 0.1953125 0.1515625
0 0.49609375 0.43046875 0.1625 0.128125
0 0.365625 0.53125 0.2 0.2078125
0 0.303125 0.24375 0.221875 0.1578125
0 0.5078125 0.27578125 0.203125 0.15625
0 0.72109375 0.278125 0.1828125 0.159375
0 0.8546875 0.18515625 0.1859375 0.1765625
0 0.57578125 0.5328125 0.171875 0.1375
0 0.74453125 0.5265625 0.196875 0.1375
0 0.8828125 0.46171875 0.234375 0.1484375