0 0.40078125 0.45078125 0.14296875 0.10078125
0 0.4296875 0.07421875 0.1859375 0.14765625
0 0.62265625 0.08046875 0.15703125 0.13828125
0 0.265625 0.14453125 0.1265625 0.15
0 0.15078125 0.1984375 0.12890625 0.11171875
0 0.05390625 0.24921875 0.1078125 0.1765625
0 0.34609375 0.3453125 0.17109375 0.10078125
0 0.58984375 0.20546875 0.19921875 0.11640625
0 0.1015625 0.8359375 0.15390625 0.11015625
0 0.8734375 0.35234375 0.14921875 0.08828125
0 0.178125 0.475 0.20234375 0.13984375
0 0.34140625 0.5828125 0.15 0.08828125
0 0.45078125 0.7171875 0.190625 0.13046875
0 0.88671875 0.5296875 0.16953125 0.11796875
0 0.22109375 0.71953125 0.15859375 0.10234375
0 0.69296875 0.778125 0.13984375 0.09375
0 0.45703125 0.85 0.15 0.11171875
0 0.57890625 0.39609375 0.18515625 0.11875
0 0.728125 0.29609375 0.184375 0.13359375
0 0.93203125 0.26953125 0.13515625 0.09609375
0 0.759375 0.6171875 0.115625 0.09296875
0 0.91953125 0.6796875 0.1203125 0.1125