0 0.1265625 0.33515625 0.0265625 0.0359375
0 0.18984375 0.4046875 0.025 0.0296875
0 0.23515625 0.353125 0.0203125 0.025
0 0.14296875 0.4640625 0.040625 0.06875
0 0.6765625 0.5546875 0.021875 0.0171875
0 0.715625 0.5015625 0.0265625 0.0265625
0 0.6890625 0.46171875 0.0296875 0.028125
0 0.69765625 0.4890625 0.01875 0.01875
0 0.7171875 0.47890625 0.01875 0.0171875
0 0.35390625 0.5953125 0.040625 0.0578125
0 0.38359375 0.4609375 0.0265625 0.0359375
0 0.3921875 0.4328125 0.0234375 0.0234375
0 0.3578125 0.44921875 0.0171875 0.015625
0 0.55390625 0.67265625 0.0328125 0.0453125
0 0.5984375 0.73671875 0.0359375 0.059375
0 0.6109375 0.75234375 0.040625 0.0671875
0 0.5421875 0.86171875 0.03125 0.0296875
0 0.85625 0.80859375 0.0375 0.028125
0 0.91875 0.765625 0.0234375 0.0234375
0 0.721875 0.68203125 0.03125 0.053125
0 0.7328125 0.70234375 0.025 0.034375
0 0.14609375 0.72265625 0.0359375 0.046875
0 0.33671875 0.80546875 0.025 0.0359375
0 0.31171875 0.81953125 0.015625 0.01875
0 0.34140625 0.8421875 0.03125 0.046875