0 0.50234375 0.56171875 0.0109375 0.02890625
0 0.3953125 0.57734375 0.0109375 0.02890625
0 0.4046875 0.5953125 0.01171875 0.0265625
0 0.52421875 0.7015625 0.01171875 0.02578125
0 0.44375 0.9109375 0.01484375 0.046875
0 0.50625 0.93203125 0.01015625 0.03359375
0 0.3953125 0.9796875 0.01328125 0.03984375
0 0.5609375 0.95390625 0.01171875 0.03359375
0 0.61875 0.96328125 0.0140625 0.0390625
0 0.59609375 0.92421875 0.01015625 0.03046875
0 0.38671875 0.4140625 0.009375 0.03515625
0 0.49375 0.51015625 0.01171875 0.03046875
0 0.60546875 0.93359375 0.01171875 0.0359375
0 0.6234375 0.9234375 0.0125 0.0375
0 0.51640625 0.58828125 0.009375 0.0375
0 0.38203125 0.3140625 0.0109375 0.03125
0 0.39140625 0.4953125 0.0125 0.03828125
0 0.4796875 0.47890625 0.01015625 0.03125
0 0.47109375 0.48125 0.01171875 0.02734375
0 0.38984375 0.52890625 0.0109375 0.034375
0 0.45859375 0.3734375 0.009375 0.03359375
0 0.46640625 0.36484375 0.01015625 0.03046875
0 0.44453125 0.31875 0.00859375 0.02890625
0 0.53828125 0.73203125 0.0109375 0.028125
0 0.51015625 0.6171875 0.0125 0.03125
0 0.39609375 0.8671875 0.01328125 0.034375
0 0.36328125 0.86640625 0.01796875 0.03515625
0 0.68359375 0.8875 0.01875 0.03046875
0 0.703125 0.875 0.01015625 0.02890625
0 0.7 0.90234375 0.01328125 0.03125
0 0.63046875 0.91484375 0.01328125 0.0328125
0 0.271875 0.94609375 0.01484375 0.0296875
0 0.33984375 0.87421875 0.01796875 0.03046875
0 0.29453125 0.91640625 0.0171875 0.02734375
0 0.31484375 0.90703125 0.01953125 0.03046875