0 0.98515625 0.890625 0.0296875 0.065625
0 0.8859375 0.83515625 0.0421875 0.053125
0 0.98046875 0.71875 0.0390625 0.046875
0 0.76796875 0.6390625 0.034375 0.0359375
0 0.8390625 0.740625 0.03125 0.0390625
0 0.69375 0.62890625 0.0359375 0.0328125
0 0.70546875 0.81953125 0.059375 0.046875
0 0.815625 0.815625 0.0640625 0.053125
0 0.6796875 0.7375 0.0421875 0.0375
0 0.6671875 0.7828125 0.0375 0.0421875
0 0.55859375 0.70390625 0.03125 0.0421875
0 0.61328125 0.71796875 0.0484375 0.04375
0 0.48359375 0.7421875 0.03125 0.040625
0 0.521875 0.84609375 0.046875 0.046875
0 0.50390625 0.80546875 0.0390625 0.0515625
0 0.19375 0.87265625 0.0359375 0.0453125
0 0.47421875 0.81875 0.034375 0.0453125
0 0.40859375 0.76484375 0.03125 0.04375
0 0.440625 0.70390625 0.0265625 0.034375
0 0.42265625 0.71328125 0.028125 0.034375
0 0.35 0.66875 0.03125 0.0375
0 0.33046875 0.72421875 0.0234375 0.034375