0 0.4640625 0.34375 0.0140625 0.0203125
0 0.42890625 0.290625 0.0125 0.025
0 0.43359375 0.29140625 0.0140625 0.028125
0 0.48203125 0.31484375 0.0140625 0.028125
0 0.65234375 0.31015625 0.0125 0.025
0 0.66640625 0.3125 0.0140625 0.028125
0 0.57578125 0.13984375 0.0109375 0.0203125
0 0.409375 0.25703125 0.0109375 0.021875
0 0.4390625 0.21484375 0.0109375 0.0203125
0 0.446875 0.2109375 0.0109375 0.0171875
0 0.24609375 0.33359375 0.0109375 0.0171875
0 0.2375 0.35234375 0.009375 0.0125
0 0.26953125 0.18984375 0.009375 0.0125
0 0.27578125 0.18125 0.0109375 0.0171875
0 0.284375 0.1765625 0.009375 0.0140625
0 0.28828125 0.17578125 0.009375 0.0125
0 0.4015625 0.08203125 0.009375 0.0140625
0 0.4109375 0.084375 0.0109375 0.0203125
0 0.40703125 0.0875 0.009375 0.015625