0 0.16328125 0.3546875 0.0296875 0.0171875
0 0.10625 0.296875 0.0453125 0.0203125
0 0.13828125 0.1828125 0.03125 0.0234375
0 0.1390625 0.1984375 0.0296875 0.021875
0 0.1484375 0.20859375 0.0265625 0.0234375
0 0.115625 0.15 0.0296875 0.01875
0 0.16796875 0.24375 0.0328125 0.025
0 0.02421875 0.50078125 0.034375 0.0203125
0 0.059375 0.60390625 0.021875 0.0140625
0 0.034375 0.55703125 0.0328125 0.0203125
0 0.03984375 0.58828125 0.0328125 0.0171875
0 0.03125 0.4796875 0.0296875 0.0171875
0 0.0296875 0.4875 0.0328125 0.0171875
0 0.03046875 0.51875 0.0328125 0.0234375
0 0.09609375 0.32421875 0.03125 0.0234375
0 0.06328125 0.390625 0.0328125 0.0171875
0 0.0234375 0.42578125 0.0296875 0.0171875
0 0.0421875 0.5109375 0.028125 0.0140625
0 0.06640625 0.5328125 0.03125 0.025
0 0.0453125 0.55078125 0.03125 0.0203125
0 0.05234375 0.5796875 0.0328125 0.0171875
0 0.26171875 0.48046875 0.0328125 0.0171875
0 0.43359375 0.496875 0.0296875 0.0171875
0 0.48671875 0.4984375 0.034375 0.01875
0 0.49609375 0.50625 0.0390625 0.01875
0 0.5203125 0.39609375 0.0359375 0.01875
0 0.60234375 0.41953125 0.034375 0.0171875
0 0.6015625 0.428125 0.021875 0.0140625
0 0.525 0.49609375 0.025 0.015625
0 0.63046875 0.50234375 0.0296875 0.0171875
0 0.2515625 0.4921875 0.0359375 0.021875
0 0.30703125 0.49375 0.0203125 0.0140625
0 0.59609375 0.50625 0.025 0.015625
0 0.55625 0.5046875 0.025 0.015625
0 0.70703125 0.4453125 0.0359375 0.0171875
0 0.6921875 0.50625 0.025 0.0125
0 0.6890625 0.51953125 0.0265625 0.015625