0 0.45234375 0.21953125 0.0390625 0.053125
0 0.2359375 0.00625 0.0375 0.0125
0 0.2125 0.01796875 0.028125 0.0359375
0 0.340625 0.04375 0.028125 0.040625
0 0.3609375 0.015625 0.040625 0.03125
0 0.39453125 0.0171875 0.0421875 0.034375
0 0.609375 0.35078125 0.0328125 0.05
0 0.51328125 0.31875 0.0328125 0.0390625
0 0.47578125 0.2625 0.03125 0.0359375
0 0.56640625 0.26328125 0.0375 0.0515625
0 0.75390625 0.2765625 0.034375 0.046875
0 0.65703125 0.37890625 0.0359375 0.04375
0 0.64921875 0.30078125 0.034375 0.0359375
0 0.6765625 0.29296875 0.0390625 0.0453125
0 0.70546875 0.29140625 0.0421875 0.0546875
0 0.27109375 0.10546875 0.0421875 0.046875
0 0.809375 0.4 0.05 0.05
0 0.8375 0.3953125 0.028125 0.0328125
0 0.4953125 0.4125 0.03125 0.0359375
0 0.4921875 0.509375 0.0296875 0.0390625
0 0.49375 0.384375 0.0390625 0.0421875
0 0.4140625 0.2703125 0.0296875 0.0359375
0 0.43125 0.2578125 0.0296875 0.0359375
0 0.5265625 0.2453125 0.0359375 0.0515625
0 0.5421875 0.26953125 0.0328125 0.05
0 0.34921875 0.1484375 0.04375 0.0390625
0 0.35 0.10859375 0.0421875 0.0421875
0 0.57265625 0.65703125 0.034375 0.04375
0 0.365625 0.240625 0.0375 0.040625
0 0.6234375 0.4171875 0.025 0.0328125
0 0.628125 0.43671875 0.0328125 0.03125
0 0.6546875 0.55625 0.0328125 0.0375
0 0.60703125 0.6125 0.028125 0.0328125
0 0.59921875 0.66484375 0.034375 0.04375
0 0.6265625 0.634375 0.025 0.034375
0 0.60625 0.5671875 0.0296875 0.0296875
0 0.51875 0.48359375 0.025 0.0296875
0 0.653125 0.3375 0.025 0.03125
0 0.7640625 0.4734375 0.0453125 0.0421875
0 0.765625 0.53359375 0.0390625 0.046875
0 0.8953125 0.5 0.0375 0.0328125
0 0.78671875 0.24375 0.0359375 0.04375
0 0.7265625 0.37265625 0.0359375 0.040625
0 0.71875 0.4078125 0.0359375 0.0390625
0 0.68828125 0.415625 0.0296875 0.0421875
0 0.7015625 0.45 0.0265625 0.034375
0 0.6890625 0.4515625 0.025 0.03125
0 0.8625 0.5453125 0.0375 0.0390625
0 0.715625 0.5609375 0.034375 0.034375
0 0.740625 0.56796875 0.0328125 0.0390625
0 0.453125 0.7609375 0.034375 0.0484375
0 0.36171875 0.8859375 0.0328125 0.0453125
0 0.40703125 0.925 0.034375 0.0484375
0 0.440625 0.9453125 0.0296875 0.040625
0 0.4140625 0.978125 0.0328125 0.0359375
0 0.44375 0.8640625 0.03125 0.0453125
0 0.496875 0.940625 0.03125 0.0328125
0 0.47890625 0.92109375 0.0265625 0.028125
0 0.4828125 0.703125 0.025 0.028125
0 0.49296875 0.7125 0.021875 0.034375
0 0.51640625 0.76328125 0.028125 0.0375
0 0.53984375 0.76015625 0.0296875 0.0390625
0 0.4984375 0.5421875 0.0296875 0.040625
0 0.515625 0.509375 0.03125 0.0421875
0 0.51953125 0.5390625 0.0296875 0.0421875
0 0.49609375 0.6140625 0.025 0.034375
0 0.84765625 0.61484375 0.05 0.0546875
0 0.74765625 0.821875 0.03125 0.0359375
0 0.65 0.7734375 0.025 0.0296875
0 0.8 0.77109375 0.0421875 0.05
0 0.83359375 0.75546875 0.034375 0.0375
0 0.58515625 0.72265625 0.0265625 0.0296875
0 0.684375 0.61171875 0.0359375 0.0421875
0 0.76328125 0.940625 0.034375 0.0484375
0 0.83671875 0.9453125 0.034375 0.0453125
0 0.71328125 0.6625 0.034375 0.040625
0 0.71015625 0.70859375 0.0328125 0.0390625
0 0.67890625 0.7359375 0.0265625 0.034375
0 0.74609375 0.62734375 0.0359375 0.0375
0 0.76015625 0.65 0.0296875 0.0328125
0 0.78515625 0.63828125 0.0375 0.0453125
0 0.92109375 0.6734375 0.0390625 0.040625
0 0.9765625 0.5203125 0.04375 0.0359375