0 0.79921875 0.1140625 0.025 0.040625
0 0.71875 0.09921875 0.0296875 0.04375
0 0.815625 0.196875 0.0296875 0.04375
0 0.7953125 0.17265625 0.0359375 0.034375
0 0.7234375 0.25 0.0328125 0.0375
0 0.7046875 0.190625 0.0265625 0.0375
0 0.69453125 0.1546875 0.0265625 0.040625
0 0.66640625 0.115625 0.028125 0.034375
0 0.665625 0.1453125 0.021875 0.034375
0 0.6421875 0.28046875 0.0296875 0.0375
0 0.44921875 0.26875 0.0203125 0.0328125
0 0.53359375 0.0375 0.0265625 0.0453125
0 0.6453125 0.2328125 0.0234375 0.0265625
0 0.6375 0.20234375 0.0234375 0.0328125
0 0.590625 0.40625 0.0203125 0.028125
0 0.5671875 0.434375 0.015625 0.0265625
0 0.55390625 0.43203125 0.01875 0.0265625
0 0.5359375 0.4453125 0.01875 0.0265625
0 0.54609375 0.38203125 0.0234375 0.0265625
0 0.50390625 0.40078125 0.025 0.034375
0 0.50625 0.4515625 0.0234375 0.021875
0 0.5 0.4703125 0.0234375 0.03125
0 0.4296875 0.334375 0.021875 0.0265625
0 0.40546875 0.3296875 0.034375 0.040625
0 0.303125 0.3453125 0.025 0.03125
0 0.23046875 0.31875 0.034375 0.0390625
0 0.2515625 0.346875 0.0359375 0.03125
0 0.35234375 0.3625 0.0203125 0.0234375
0 0.32421875 0.37578125 0.028125 0.034375
0 0.234375 0.54296875 0.0296875 0.0375
0 0.22265625 0.51171875 0.025 0.028125
0 0.134375 0.53125 0.034375 0.05
0 0.2046875 0.4890625 0.025 0.03125
0 0.1640625 0.52734375 0.025 0.0265625
0 0.17734375 0.50625 0.028125 0.03125
0 0.33125 0.46328125 0.021875 0.0296875
0 0.28359375 0.45 0.021875 0.028125
0 0.30625 0.45859375 0.025 0.034375
0 0.35703125 0.5359375 0.025 0.0265625
0 0.33359375 0.5171875 0.0140625 0.021875
0 0.34375 0.56640625 0.0265625 0.04375
0 0.27578125 0.503125 0.0203125 0.021875
0 0.3890625 0.453125 0.021875 0.0296875
0 0.3625 0.41640625 0.025 0.0421875
0 0.3609375 0.47109375 0.021875 0.0359375
0 0.084375 0.36875 0.0296875 0.040625
0 0.03515625 0.4953125 0.028125 0.03125
0 0.103125 0.6515625 0.0359375 0.0484375
0 0.09921875 0.58984375 0.0328125 0.0375
0 0.153125 0.68671875 0.025 0.0265625
0 0.09140625 0.83125 0.0265625 0.0453125
0 0.07890625 0.825 0.0234375 0.0421875
0 0.54921875 0.853125 0.021875 0.0328125
0 0.50390625 0.80703125 0.0234375 0.046875
0 0.421875 0.91171875 0.0265625 0.040625
0 0.42890625 0.80234375 0.021875 0.0328125
0 0.41953125 0.971875 0.025 0.03125
0 0.36796875 0.90703125 0.021875 0.0453125
0 0.35234375 0.9171875 0.0203125 0.0234375
0 0.42890625 0.72109375 0.021875 0.025
0 0.3921875 0.79765625 0.021875 0.0328125
0 0.38046875 0.715625 0.01875 0.0328125
0 0.36328125 0.71953125 0.021875 0.0234375
0 0.35234375 0.67421875 0.0265625 0.0375
0 0.3421875 0.65859375 0.0234375 0.0375
0 0.3265625 0.7125 0.021875 0.0265625
0 0.3390625 0.728125 0.0171875 0.0203125
0 0.48671875 0.5171875 0.01875 0.0328125
0 0.46171875 0.528125 0.0203125 0.0265625
0 0.47421875 0.5453125 0.0234375 0.034375
0 0.46953125 0.58125 0.0375 0.0296875
0 0.4546875 0.65234375 0.025 0.028125
0 0.36015625 0.6125 0.025 0.034375
0 0.3921875 0.6453125 0.028125 0.028125
0 0.37421875 0.6671875 0.021875 0.034375
0 0.2171875 0.68125 0.025 0.03125
0 0.22890625 0.6484375 0.025 0.03125
0 0.221875 0.615625 0.03125 0.0296875