0 0.89296875 0.4796875 0.040625 0.0328125
0 0.86953125 0.38984375 0.0359375 0.03125
0 0.86875 0.42734375 0.03125 0.028125
0 0.8375 0.3703125 0.0328125 0.028125
0 0.8359375 0.421875 0.0296875 0.028125
0 0.8515625 0.45546875 0.046875 0.0375
0 0.87265625 0.53203125 0.0375 0.0234375
0 0.8328125 0.58203125 0.034375 0.03125
0 0.80703125 0.59921875 0.034375 0.0265625
0 0.75546875 0.35546875 0.03125 0.025
0 0.703125 0.3515625 0.040625 0.034375
0 0.74453125 0.38828125 0.03125 0.028125
0 0.7484375 0.41171875 0.03125 0.03125
0 0.31171875 0.12265625 0.040625 0.0390625
0 0.22734375 0.1171875 0.04375 0.0296875
0 0.23203125 0.08828125 0.034375 0.03125
0 0.35546875 0.3515625 0.0484375 0.04375
0 0.43984375 0.4453125 0.03125 0.03125
0 0.4953125 0.36328125 0.0265625 0.0265625
0 0.41796875 0.4875 0.03125 0.028125
0 0.59453125 0.39609375 0.0390625 0.0296875
0 0.64375 0.4109375 0.0390625 0.0328125
0 0.62265625 0.41796875 0.034375 0.03125
0 0.59296875 0.4375 0.040625 0.0359375
0 0.54921875 0.41796875 0.034375 0.03125
0 0.50546875 0.390625 0.0296875 0.0328125
0 0.50390625 0.49921875 0.04375 0.025
0 0.5125 0.528125 0.0359375 0.0328125
0 0.5171875 0.44609375 0.0359375 0.0328125
0 0.53984375 0.47421875 0.0265625 0.034375
0 0.51640625 0.42734375 0.0265625 0.0265625
0 0.6453125 0.4609375 0.0296875 0.028125
0 0.615625 0.49921875 0.025 0.021875
0 0.6125 0.52578125 0.0296875 0.0265625
0 0.5921875 0.46796875 0.028125 0.0265625
0 0.8015625 0.51171875 0.034375 0.03125
0 0.77890625 0.46875 0.0375 0.0296875
0 0.76015625 0.48046875 0.034375 0.034375
0 0.7640625 0.51328125 0.034375 0.03125
0 0.71171875 0.5703125 0.0359375 0.0296875
0 0.67578125 0.5015625 0.034375 0.0265625
0 0.71875 0.53203125 0.0296875 0.025
0 0.73984375 0.5546875 0.028125 0.01875
0 0.78671875 0.34609375 0.065625 0.0375
0 0.70859375 0.40546875 0.025 0.028125
0 0.70625 0.471875 0.0375 0.0359375
0 0.675 0.55078125 0.0328125 0.0265625
0 0.64921875 0.57109375 0.034375 0.0265625
0 0.44375 0.57578125 0.0328125 0.028125
0 0.47109375 0.59609375 0.034375 0.03125
0 0.3984375 0.58515625 0.034375 0.0265625
0 0.3734375 0.6875 0.0328125 0.028125
0 0.26875 0.08515625 0.0359375 0.0375
0 0.3921875 0.74140625 0.0359375 0.0328125
0 0.11015625 0.640625 0.03125 0.028125
0 0.1890625 0.653125 0.0359375 0.0328125
0 0.11015625 0.659375 0.0453125 0.0328125
0 0.1515625 0.671875 0.046875 0.0359375
0 0.20078125 0.690625 0.0328125 0.0328125
0 0.26640625 0.740625 0.0375 0.0359375
0 0.33515625 0.83203125 0.0390625 0.0328125
0 0.1578125 0.721875 0.0296875 0.0265625
0 0.19296875 0.73359375 0.0375 0.034375
0 0.215625 0.7421875 0.0328125 0.028125
0 0.26171875 0.7984375 0.0375 0.0265625
0 0.2484375 0.8421875 0.0390625 0.028125
0 0.51796875 0.76015625 0.0359375 0.0328125
0 0.54921875 0.653125 0.0375 0.0328125
0 0.5609375 0.60859375 0.0265625 0.0234375
0 0.6765625 0.63984375 0.0296875 0.0265625
0 0.76171875 0.6609375 0.0296875 0.0296875
0 0.721875 0.60546875 0.0265625 0.0265625
0 0.69296875 0.61171875 0.0390625 0.0296875
0 0.59375 0.81640625 0.040625 0.0296875
0 0.62578125 0.8203125 0.028125 0.0265625
0 0.6484375 0.85390625 0.034375 0.0359375
0 0.70546875 0.890625 0.0421875 0.034375
0 0.74140625 0.86953125 0.0328125 0.0265625
0 0.796875 0.8234375 0.0453125 0.0328125
0 0.71953125 0.8015625 0.0375 0.03125
0 0.75234375 0.7890625 0.0328125 0.028125
0 0.73515625 0.76171875 0.046875 0.0375
0 0.94921875 0.671875 0.04375 0.0359375
0 0.9078125 0.66171875 0.0390625 0.0296875
0 0.93359375 0.6453125 0.0359375 0.0328125
0 0.90859375 0.63046875 0.04375 0.028125
0 0.84765625 0.77734375 0.04375 0.0375
0 0.86953125 0.725 0.040625 0.0328125
0 0.84375 0.69296875 0.0421875 0.0296875
0 0.91953125 0.7234375 0.0375 0.021875
0 0.91328125 0.69609375 0.028125 0.0296875
0 0.8828125 0.6765625 0.03125 0.03125
0 0.83984375 0.71328125 0.0328125 0.0265625
0 0.8046875 0.69765625 0.0453125 0.03125
0 0.9296875 0.75078125 0.03125 0.021875
0 0.9375 0.771875 0.0171875 0.025
0 0.8359375 0.76484375 0.0296875 0.028125
0 0.83046875 0.89375 0.0390625 0.0328125
0 0.7921875 0.8640625 0.0375 0.021875
0 0.8578125 0.8734375 0.0265625 0.025
0 0.8984375 0.87421875 0.0328125 0.025
0 0.76328125 0.725 0.021875 0.0203125
0 0.740625 0.72109375 0.0328125 0.028125
0 0.76484375 0.70703125 0.025 0.021875
0 0.7890625 0.7140625 0.028125 0.0234375
0 0.78046875 0.7265625 0.025 0.0171875
0 0.584375 0.6859375 0.0421875 0.025
0 0.59921875 0.7078125 0.0328125 0.028125
0 0.571875 0.71484375 0.0296875 0.025
0 0.53984375 0.70546875 0.028125 0.021875
0 0.6328125 0.7015625 0.0359375 0.0296875
0 0.60078125 0.671875 0.028125 0.0234375
0 0.58515625 0.74921875 0.03125 0.028125
0 0.6015625 0.76640625 0.0296875 0.0265625
0 0.66015625 0.68984375 0.03125 0.028125
0 0.68984375 0.68359375 0.03125 0.025
0 0.6796875 0.6671875 0.0265625 0.0234375
0 0.7 0.72265625 0.025 0.0203125
0 0.678125 0.728125 0.0296875 0.025
0 0.65859375 0.7390625 0.03125 0.021875
0 0.90703125 0.8578125 0.03125 0.021875