0 0.9625 0.275 0.07421875 0.10859375
0 0.9640625 0.42890625 0.07109375 0.0984375
0 0.775 0.2984375 0.1796875 0.09765625
0 0.78671875 0.38359375 0.15859375 0.121875
0 0.61875 0.2828125 0.1703125 0.1
0 0.31640625 0.35546875 0.18203125 0.10703125
0 0.46875 0.41015625 0.21015625 0.1203125
0 0.07265625 0.303125 0.1453125 0.121875
0 0.090625 0.58046875 0.18125 0.1125
0 0.18359375 0.4734375 0.1734375 0.18359375
0 0.04765625 0.50703125 0.0953125 0.0890625
0 0.21015625 0.6265625 0.165625 0.08984375
0 0.271875 0.7140625 0.1734375 0.1015625
0 0.4296875 0.5734375 0.16953125 0.05546875
0 0.625 0.60703125 0.17421875 0.13125
0 0.859375 0.5296875 0.16953125 0.0828125
0 0.225 0.8125 0.2140625 0.1296875
0 0.3125 0.96875 0.1515625 0.0625
0 0.61953125 0.946875 0.1765625 0.10546875
0 0.803125 0.959375 0.196875 0.08125
0 0.6984375 0.8546875 0.1703125 0.1625
0 0.81484375 0.6578125 0.15390625 0.1015625
0 0.90859375 0.76015625 0.1828125 0.0890625