0 0.203125 0.7125 0.0109375 0.0078125
0 0.2625 0.31640625 0.015625 0.0078125
0 0.21875 0.4109375 0.025 0.009375
0 0.221875 0.41484375 0.01875 0.0078125
0 0.34453125 0.55 0.028125 0.009375
0 0.3609375 0.5234375 0.0171875 0.0109375
0 0.4109375 0.71953125 0.0296875 0.0140625
0 0.4125 0.7359375 0.028125 0.009375
0 0.29453125 0.5109375 0.028125 0.009375
0 0.296875 0.5140625 0.03125 0.009375
0 0.2515625 0.50546875 0.015625 0.0078125
0 0.22265625 0.553125 0.01875 0.0078125
0 0.2140625 0.49609375 0.015625 0.0078125
0 0.1296875 0.39296875 0.0109375 0.0078125
0 0.12421875 0.4078125 0.015625 0.0078125
0 0.10078125 0.49921875 0.009375 0.0078125
0 0.0828125 0.5640625 0.015625 0.0078125
0 0.08359375 0.56796875 0.015625 0.0078125