0 0.12421875 0.1484375 0.16875 0.1421875
0 0.0953125 0.05703125 0.190625 0.1140625
0 0.29296875 0.14609375 0.16953125 0.165625
0 0.39296875 0.06171875 0.1796875 0.1234375
0 0.42421875 0.225 0.1546875 0.0890625
0 0.5078125 0.328125 0.225 0.16484375
0 0.5625 0.2078125 0.15703125 0.08828125
0 0.13359375 0.27734375 0.17734375 0.10234375
0 0.3140625 0.40234375 0.159375 0.10546875
0 0.1359375 0.48828125 0.25625 0.10625
0 0.07890625 0.40625 0.1578125 0.065625
0 0.425 0.45859375 0.1171875 0.10703125
0 0.0375 0.61171875 0.075 0.090625
0 0.0703125 0.69140625 0.140625 0.0921875
0 0.2640625 0.65 0.24140625 0.14140625
0 0.28046875 0.83828125 0.16875 0.1890625
0 0.43828125 0.72578125 0.1609375 0.10078125
0 0.459375 0.62109375 0.19609375 0.11171875
0 0.21640625 0.95078125 0.20078125 0.0984375
0 0.675 0.82265625 0.26640625 0.11015625
0 0.7609375 0.75859375 0.16640625 0.10625
0 0.77734375 0.85 0.190625 0.128125
0 0.83203125 0.95078125 0.3359375 0.0984375
0 0.56796875 0.5265625 0.12421875 0.09140625
0 0.61953125 0.4328125 0.15390625 0.10546875
0 0.71171875 0.3859375 0.18515625 0.11171875
0 0.76484375 0.27734375 0.16328125 0.11328125
0 0.74453125 0.16796875 0.1359375 0.15859375
0 0.63203125 0.0828125 0.16484375 0.16484375
0 0.89296875 0.53046875 0.2140625 0.13515625
0 0.9375 0.4203125 0.125 0.09375
0 0.94921875 0.31640625 0.1015625 0.12265625