0 0.425 0.49375 0.0453125 0.0140625
0 0.44453125 0.14765625 0.040625 0.0203125
0 0.52578125 0.215625 0.0328125 0.0125
0 0.4578125 0.37890625 0.0390625 0.015625
0 0.45625 0.39375 0.0390625 0.0171875
0 0.51484375 0.196875 0.03125 0.0140625
0 0.56015625 0.36015625 0.0328125 0.0125
0 0.425 0.503125 0.0296875 0.0109375
0 0.48125 0.178125 0.0390625 0.0171875
0 0.46796875 0.16875 0.0359375 0.0140625
0 0.546875 0.20390625 0.01875 0.0109375
0 0.5625 0.3765625 0.028125 0.009375
0 0.56484375 0.36796875 0.0234375 0.0109375
0 0.5109375 0.1765625 0.0328125 0.0125
0 0.5390625 0.16796875 0.025 0.0109375