0 0.39453125 0.5484375 0.0171875 0.0390625
0 0.378125 0.54609375 0.0125 0.0375
0 0.49609375 0.575 0.0125 0.0421875
0 0.178125 0.5421875 0.0109375 0.028125
0 0.165625 0.56875 0.0203125 0.0359375
0 0.1828125 0.51015625 0.0109375 0.028125
0 0.20078125 0.50859375 0.009375 0.025
0 0.171875 0.5546875 0.0109375 0.034375
0 0.36015625 0.4609375 0.009375 0.021875
0 0.503125 0.5765625 0.0140625 0.0296875
0 0.1765625 0.51171875 0.0125 0.025
0 0.1734375 0.496875 0.0109375 0.0109375
0 0.17265625 0.4859375 0.0109375 0.0140625
0 0.19609375 0.50546875 0.009375 0.025
0 0.21328125 0.50390625 0.0109375 0.0265625
0 0.365625 0.46640625 0.0109375 0.028125
0 0.36953125 0.46015625 0.0078125 0.021875
0 0.378125 0.45859375 0.009375 0.025