0 0.42265625 0.503125 0.0375 0.015625
0 0.4421875 0.18359375 0.0375 0.0203125
0 0.4265625 0.17890625 0.0359375 0.01875
0 0.40078125 0.15859375 0.040625 0.025
0 0.44453125 0.3828125 0.0359375 0.0140625
0 0.44921875 0.4 0.0375 0.0171875
0 0.546875 0.3484375 0.028125 0.0125
0 0.55234375 0.35703125 0.0265625 0.0140625
0 0.55078125 0.36484375 0.028125 0.0140625
0 0.475 0.17734375 0.028125 0.0125
0 0.490625 0.21484375 0.0359375 0.015625
0 0.48203125 0.19140625 0.034375 0.0203125
0 0.50703125 0.1921875 0.034375 0.0140625
0 0.5078125 0.2015625 0.0328125 0.0171875
0 0.5078125 0.16875 0.03125 0.0140625
0 0.42421875 0.509375 0.0296875 0.0171875