0 0.89453125 0.5671875 0.0296875 0.0390625
0 0.80703125 0.80234375 0.0734375 0.0640625
0 0.4875 0.625 0.0265625 0.0484375
0 0.63671875 0.7703125 0.0546875 0.046875
0 0.60546875 0.73125 0.0328125 0.05
0 0.53515625 0.98125 0.0859375 0.0375
0 0.48046875 0.81953125 0.040625 0.05
0 0.4703125 0.85625 0.05 0.040625
0 0.446875 0.884375 0.0453125 0.0625
0 0.3546875 0.909375 0.040625 0.0640625
0 0.40859375 0.7078125 0.0171875 0.0265625
0 0.309375 0.72109375 0.0203125 0.034375
0 0.77734375 0.57734375 0.0234375 0.03125
0 0.734375 0.64609375 0.0421875 0.0375
0 0.3640625 0.7453125 0.0265625 0.0359375
0 0.415625 0.7421875 0.0296875 0.0390625
0 0.3796875 0.753125 0.0234375 0.0359375
0 0.40390625 0.775 0.0328125 0.0328125
0 0.2828125 0.753125 0.0203125 0.034375
0 0.2625 0.796875 0.0234375 0.0359375
0 0.21640625 0.83515625 0.040625 0.05
0 0.2453125 0.83515625 0.04375 0.05
0 0.4046875 0.7109375 0.01875 0.0328125
0 0.40703125 0.78828125 0.0296875 0.0359375