0 0.4296875 0.7265625 0.02890625 0.02578125
0 0.428125 0.83515625 0.03515625 0.02421875
0 0.565625 0.7734375 0.05390625 0.0203125
0 0.48125 0.778125 0.0359375 0.01953125
0 0.62421875 0.5453125 0.04609375 0.01875
0 0.46171875 0.565625 0.01484375 0.02109375
0 0.4875 0.5578125 0.015625 0.02265625
0 0.7359375 0.9671875 0.08359375 0.040625
0 0.7828125 0.87890625 0.02734375 0.021875
0 0.7921875 0.871875 0.025 0.025
0 0.80234375 0.70078125 0.03359375 0.02265625
0 0.82265625 0.715625 0.0234375 0.021875
0 0.9359375 0.60390625 0.0171875 0.0328125
0 0.64609375 0.34140625 0.040625 0.02734375
0 0.69453125 0.28046875 0.0625 0.02421875
0 0.70390625 0.2671875 0.0625 0.02109375
0 0.81328125 0.309375 0.01875 0.02734375
0 0.853125 0.496875 0.01640625 0.02265625
0 0.97734375 0.1984375 0.03359375 0.0359375
0 0.9765625 0.13515625 0.04609375 0.01953125
0 0.6265625 0.1671875 0.02890625 0.01640625
0 0.60859375 0.184375 0.0375 0.02421875
0 0.44765625 0.2265625 0.02265625 0.04375
0 0.41953125 0.228125 0.0109375 0.02265625
0 0.421875 0.25 0.015625 0.0375
0 0.690625 0.02421875 0.02421875 0.03125