0 0.8984375 0.81796875 0.03125 0.021875
0 0.875 0.790625 0.03125 0.021875
0 0.83125 0.71171875 0.028125 0.021875
0 0.86484375 0.76484375 0.028125 0.0234375
0 0.84375 0.734375 0.0328125 0.0265625
0 0.971875 0.53828125 0.040625 0.0234375
0 0.8953125 0.671875 0.053125 0.025
0 0.95859375 0.70390625 0.0203125 0.0140625
0 0.94609375 0.696875 0.0296875 0.0171875
0 0.921875 0.65625 0.0203125 0.0140625
0 0.934375 0.58203125 0.0328125 0.01875
0 0.8640625 0.628125 0.0296875 0.01875
0 0.95078125 0.48828125 0.025 0.0140625
0 0.93125 0.48046875 0.0265625 0.0140625
0 0.95 0.45234375 0.0390625 0.0203125
0 0.984375 0.48125 0.03125 0.015625
0 0.92421875 0.3734375 0.0296875 0.0171875
0 0.953125 0.47109375 0.0359375 0.01875
0 0.740625 0.5078125 0.0359375 0.01875
0 0.47890625 0.60234375 0.0390625 0.0203125
0 0.5640625 0.50625 0.0328125 0.015625
0 0.50390625 0.503125 0.0421875 0.01875
0 0.4 0.59140625 0.0390625 0.0171875
0 0.47578125 0.51171875 0.0328125 0.015625
0 0.440625 0.503125 0.0265625 0.015625
0 0.55 0.49609375 0.0359375 0.015625
0 0.5609375 0.5015625 0.0328125 0.015625
0 0.3671875 0.5109375 0.0328125 0.0171875
0 0.415625 0.584375 0.0328125 0.015625
0 0.2921875 0.57265625 0.0296875 0.015625