0 0.2234375 0.584375 0.034375 0.1234375
0 0.1078125 0.9203125 0.0453125 0.15859375
0 0.0484375 0.9453125 0.053125 0.109375
0 0.72578125 0.45078125 0.015625 0.08515625
0 0.2609375 0.59296875 0.0234375 0.128125
0 0.86640625 0.575 0.02578125 0.0953125
0 0.565625 0.35703125 0.02265625 0.06640625
0 0.809375 0.5140625 0.02109375 0.10546875
0 0.76953125 0.44921875 0.01796875 0.046875
0 0.32890625 0.45625 0.0203125 0.08046875
0 0.81796875 0.528125 0.01875 0.08828125
0 0.3015625 0.525 0.028125 0.05859375
0 0.23046875 0.52578125 0.02890625 0.04765625
0 0.2875 0.60625 0.0265625 0.115625
0 0.74375 0.478125 0.02265625 0.0765625
0 0.65078125 0.36640625 0.0203125 0.05703125
0 0.88828125 0.575 0.02578125 0.090625
0 0.340625 0.59609375 0.03125 0.1140625
0 0.590625 0.2984375 0.0171875 0.06015625
0 0.6265625 0.328125 0.0203125 0.05703125
0 0.6703125 0.37265625 0.02109375 0.0671875
0 0.6875 0.39609375 0.01640625 0.07578125
0 0.3390625 0.3140625 0.01640625 0.05546875
0 0.7625 0.51640625 0.0265625 0.09140625