0 0.8453125 0.27265625 0.1296875 0.03125
0 0.9734375 0.23515625 0.053125 0.03125
0 0.9078125 0.33046875 0.071875 0.03125
0 0.78984375 0.2484375 0.096875 0.01875
0 0.803125 0.11640625 0.05625 0.01875
0 0.49921875 0.33671875 0.04375 0.0109375
0 0.9296875 0.30625 0.0703125 0.028125
0 0.7421875 0.2484375 0.040625 0.0125
0 0.8734375 0.35859375 0.0640625 0.028125
0 0.86875 0.37578125 0.0609375 0.025
0 0.6296875 0.25234375 0.05 0.021875
0 0.82265625 0.38671875 0.0765625 0.01875
0 0.84921875 0.39921875 0.059375 0.025
0 0.8109375 0.4171875 0.0921875 0.01875
0 0.8265625 0.45234375 0.071875 0.021875
0 0.778125 0.478125 0.053125 0.028125
0 0.8171875 0.4671875 0.0453125 0.01875
0 0.62421875 0.29140625 0.046875 0.028125
0 0.68203125 0.290625 0.0875 0.015625
0 0.73828125 0.48515625 0.04375 0.015625
0 0.62890625 0.0796875 0.06875 0.01875
0 0.57734375 0.140625 0.065625 0.0203125
0 0.5828125 0.16171875 0.059375 0.0140625
0 0.76796875 0.50859375 0.04375 0.015625
0 0.70078125 0.59765625 0.0375 0.015625
0 0.6796875 0.63671875 0.05 0.01875
0 0.64140625 0.490625 0.0609375 0.015625
0 0.6703125 0.50703125 0.078125 0.01875
0 0.628125 0.48203125 0.053125 0.0125
0 0.58203125 0.4890625 0.0296875 0.0109375
0 0.5984375 0.49375 0.028125 0.0125
0 0.65234375 0.65546875 0.034375 0.015625
0 0.65546875 0.6421875 0.0375 0.015625
0 0.51953125 0.0953125 0.046875 0.0125
0 0.4625 0.3140625 0.0375 0.009375
0 0.46796875 0.40390625 0.034375 0.009375
0 0.45625 0.296875 0.028125 0.0109375
0 0.42578125 0.29609375 0.021875 0.009375
0 0.428125 0.3046875 0.0234375 0.009375
0 0.45703125 0.3359375 0.0265625 0.0140625
0 0.43671875 0.3375 0.0234375 0.009375
0 0.5 0.4921875 0.04375 0.009375
0 0.6078125 0.67421875 0.03125 0.0203125
0 0.64296875 0.675 0.046875 0.015625
0 0.59375 0.68203125 0.0421875 0.015625
0 0.4859375 0.75234375 0.040625 0.015625
0 0.49453125 0.76875 0.03125 0.015625
0 0.4828125 0.76328125 0.021875 0.0109375
0 0.47421875 0.771875 0.01875 0.0125
0 0.46484375 0.90859375 0.03125 0.009375
0 0.57421875 0.85 0.05 0.01875
0 0.57421875 0.865625 0.046875 0.0125
0 0.54921875 0.93125 0.059375 0.01875
0 0.53359375 0.971875 0.0453125 0.0171875
0 0.57109375 0.8984375 0.059375 0.015625
0 0.54453125 0.91484375 0.0390625 0.0125
0 0.5328125 0.990625 0.03125 0.01875
0 0.45703125 0.9953125 0.0390625 0.009375
0 0.44140625 0.9921875 0.01875 0.0109375