0 0.8046875 0.246875 0.2703125 0.14375
0 0.71640625 0.3640625 0.19375 0.14375
0 0.584375 0.28203125 0.2203125 0.14375
0 0.67109375 0.14140625 0.1859375 0.15625
0 0.90390625 0.39375 0.1859375 0.1484375
0 0.92734375 0.30078125 0.09375 0.084375
0 0.7765625 0.528125 0.215625 0.1921875
0 0.934375 0.5234375 0.13125 0.115625
0 0.87578125 0.6921875 0.2484375 0.190625
0 0.5796875 0.7234375 0.2078125 0.1515625
0 0.57578125 0.83828125 0.209375 0.15625
0 0.5546875 0.95078125 0.1625 0.0984375
0 0.95625 0.82109375 0.0875 0.1890625
0 0.33046875 0.5828125 0.184375 0.096875
0 0.47109375 0.6 0.2828125 0.165625
0 0.52109375 0.071875 0.1953125 0.14375
0 0.38125 0.1109375 0.190625 0.2171875
0 0.22421875 0.1109375 0.19375 0.15625
0 0.3765625 0.24765625 0.1578125 0.1203125
0 0.209375 0.31796875 0.140625 0.153125
0 0.34765625 0.3421875 0.178125 0.1265625
0 0.08671875 0.2046875 0.1734375 0.159375
0 0.059375 0.3109375 0.11875 0.196875
0 0.0828125 0.4390625 0.1578125 0.125
0 0.3765625 0.43359375 0.1328125 0.1640625
0 0.28515625 0.45625 0.1296875 0.1265625
0 0.12578125 0.5078125 0.2515625 0.15
0 0.4328125 0.9140625 0.1453125 0.1265625
0 0.1875 0.79921875 0.1734375 0.1171875
0 0.13828125 0.9078125 0.14375 0.134375
0 0.36015625 0.8 0.16875 0.0859375
0 0.34375 0.82890625 0.13125 0.0703125
0 0.36796875 0.8671875 0.1296875 0.06875