0 0.12265625 0.56640625 0.2453125 0.1671875
0 0.24453125 0.51015625 0.2 0.1578125
0 0.31796875 0.64609375 0.225 0.1609375
0 0.17265625 0.72421875 0.1953125 0.1703125
0 0.096875 0.390625 0.19375 0.1625
0 0.03984375 0.459375 0.0796875 0.090625
0 0.27421875 0.3375 0.2265625 0.20625
0 0.1265625 0.25625 0.159375 0.128125
0 0.24453125 0.13046875 0.3140625 0.215625
0 0.54296875 0.26640625 0.2140625 0.1671875
0 0.603125 0.16875 0.2171875 0.1734375
0 0.68125 0.07578125 0.165625 0.1234375
0 0.2265625 0.034375 0.19375 0.06875
0 0.68828125 0.5125 0.1859375 0.1140625
0 0.575 0.428125 0.2875 0.1890625
0 0.26015625 0.8734375 0.2046875 0.1875
0 0.4078125 0.89140625 0.20625 0.2171875
0 0.54453125 0.94453125 0.2015625 0.1109375
0 0.48046875 0.78046875 0.1625 0.1328125
0 0.66015625 0.80234375 0.15 0.1609375
0 0.553125 0.7125 0.184375 0.140625
0 0.7265625 0.9421875 0.221875 0.115625
0 0.81484375 0.89765625 0.1984375 0.2046875
0 0.83046875 0.7609375 0.1640625 0.1375
0 0.5734375 0.61953125 0.14375 0.1703125
0 0.6640625 0.6453125 0.1375 0.134375
0 0.8296875 0.68046875 0.259375 0.171875
0 0.76484375 0.17421875 0.1515625 0.1375
0 0.915625 0.396875 0.16875 0.13125
0 0.9703125 0.32734375 0.059375 0.1453125
0 0.77109375 0.31015625 0.16875 0.1
0 0.79921875 0.29375 0.1328125 0.08125
0 0.79765625 0.24765625 0.13125 0.0796875