0 0.890625 0.25546875 0.16875 0.0890625
0 0.85 0.26640625 0.1390625 0.0671875
0 0.6875 0.8828125 0.128125 0.0671875
0 0.69453125 0.95625 0.1296875 0.075
0 0.665625 0.90390625 0.128125 0.0671875
0 0.63515625 0.265625 0.0875 0.0515625
0 0.68828125 0.93359375 0.125 0.065625
0 0.62890625 0.92109375 0.0421875 0.034375
0 0.6140625 0.26796875 0.0890625 0.0453125
0 0.48515625 0.72265625 0.065625 0.0359375
0 0.4640625 0.6796875 0.06875 0.034375
0 0.5765625 0.30703125 0.053125 0.034375
0 0.640625 0.30546875 0.09375 0.0453125
0 0.6328125 0.29375 0.0953125 0.0453125
0 0.62421875 0.32734375 0.0640625 0.034375
0 0.6234375 0.3140625 0.0734375 0.0359375
0 0.6 0.33828125 0.0546875 0.0328125
0 0.4859375 0.70859375 0.065625 0.0375
0 0.465625 0.6390625 0.0734375 0.0359375
0 0.584375 0.34140625 0.05 0.028125
0 0.38203125 0.578125 0.0609375 0.028125
0 0.3703125 0.54609375 0.053125 0.025
0 0.4375 0.61953125 0.0671875 0.03125
0 0.428125 0.66796875 0.0328125 0.0265625
0 0.415625 0.6390625 0.046875 0.025
0 0.4078125 0.6203125 0.046875 0.0296875
0 0.47265625 0.65703125 0.0671875 0.034375
0 0.39765625 0.2875 0.046875 0.0234375
0 0.51640625 0.31171875 0.0578125 0.028125
0 0.375 0.478125 0.0421875 0.0203125
0 0.3671875 0.48515625 0.05625 0.028125
0 0.3984375 0.3390625 0.053125 0.0265625
0 0.35234375 0.496875 0.0359375 0.021875
0 0.284375 0.4125 0.0328125 0.01875
0 0.296875 0.42578125 0.0296875 0.015625
0 0.75859375 0.99140625 0.0640625 0.0171875
0 0.77578125 0.9828125 0.0640625 0.034375