0 0.8328125 0.9515625 0.0390625 0.0515625
0 0.865625 0.85078125 0.025 0.04375
0 0.76640625 0.690625 0.015625 0.0203125
0 0.6859375 0.6640625 0.0125 0.025
0 0.43671875 0.9125 0.0265625 0.0515625
0 0.62890625 0.8625 0.040625 0.0375
0 0.6484375 0.79296875 0.028125 0.0359375
0 0.515625 0.72734375 0.01875 0.040625
0 0.41953125 0.74609375 0.015625 0.0375
0 0.6484375 0.9359375 0.034375 0.034375
0 0.2484375 0.69765625 0.009375 0.028125
0 0.234375 0.68984375 0.0140625 0.028125
0 0.38046875 0.86328125 0.0296875 0.0515625
0 0.46328125 0.61875 0.0140625 0.03125
0 0.29375 0.63359375 0.0125 0.021875
0 0.2765625 0.65078125 0.009375 0.028125
0 0.56015625 0.75546875 0.0390625 0.025
0 0.40546875 0.76796875 0.021875 0.0328125
0 0.38359375 0.77578125 0.0203125 0.034375
0 0.32265625 0.7671875 0.0171875 0.046875
0 0.38125 0.690625 0.0171875 0.034375
0 0.35546875 0.6921875 0.0140625 0.0265625
0 0.36875 0.71328125 0.015625 0.034375
0 0.42578125 0.8390625 0.025 0.034375
0 0.640625 0.70234375 0.028125 0.021875
0 0.38046875 0.66328125 0.0125 0.0234375
0 0.33984375 0.68203125 0.0125 0.015625
0 0.234375 0.86953125 0.05 0.0328125
0 0.26640625 0.68046875 0.0125 0.0296875