0 0.92421875 0.3875 0.1515625 0.075
0 0.921875 0.7671875 0.1328125 0.0671875
0 0.65625 0.6921875 0.1296875 0.040625
0 0.5046875 0.5578125 0.0890625 0.0453125
0 0.5203125 0.68203125 0.1109375 0.040625
0 0.6484375 0.09453125 0.1328125 0.05
0 0.48046875 0.228125 0.0953125 0.0390625
0 0.49453125 0.32265625 0.09375 0.040625
0 0.484375 0.1984375 0.09375 0.0359375
0 0.9203125 0.90859375 0.1203125 0.065625
0 0.53828125 0.16015625 0.1140625 0.034375
0 0.309375 0.4625 0.0546875 0.025
0 0.6890625 0.0640625 0.125 0.04375
0 0.60625 0.1203125 0.1109375 0.04375
0 0.56640625 0.125 0.0640625 0.034375
0 0.66484375 0.03515625 0.1140625 0.0375
0 0.365625 0.65546875 0.0671875 0.0359375
0 0.41875 0.28125 0.0671875 0.034375
0 0.40390625 0.6234375 0.0765625 0.03125