0 0.428125 0.928125 0.040625 0.1109375
0 0.21171875 0.746875 0.03671875 0.05390625
0 0.81953125 0.80234375 0.03671875 0.06640625
0 0.9375 0.90078125 0.0359375 0.08515625
0 0.98359375 0.68984375 0.0203125 0.0375
0 0.75703125 0.70859375 0.01953125 0.03984375
0 0.57109375 0.61328125 0.01640625 0.06328125
0 0.14609375 0.68984375 0.021875 0.04375
0 0.87265625 0.8703125 0.0484375 0.0734375
0 0.884375 0.81171875 0.0328125 0.06171875
0 0.8765625 0.76328125 0.0234375 0.03125
0 0.771875 0.71015625 0.01484375 0.04140625
0 0.90859375 0.6625 0.01796875 0.03515625