0 0.584375 0.2234375 0.1234375 0.034375
0 0.9203125 0.1078125 0.159375 0.0453125
0 0.9453125 0.0484375 0.109375 0.053125
0 0.45078125 0.72578125 0.084375 0.015625
0 0.59296875 0.2609375 0.128125 0.0234375
0 0.575 0.86640625 0.0953125 0.025
0 0.35703125 0.565625 0.065625 0.021875
0 0.5140625 0.809375 0.10625 0.021875
0 0.44921875 0.76953125 0.046875 0.01875
0 0.45625 0.32890625 0.08125 0.0203125
0 0.528125 0.81796875 0.0875 0.01875
0 0.525 0.3015625 0.059375 0.028125
0 0.52578125 0.23046875 0.046875 0.028125
0 0.60625 0.2875 0.115625 0.0265625
0 0.478125 0.74375 0.0765625 0.021875
0 0.36640625 0.65078125 0.05625 0.0203125
0 0.575 0.88828125 0.090625 0.0265625
0 0.59609375 0.340625 0.1140625 0.03125
0 0.2984375 0.590625 0.059375 0.0171875
0 0.328125 0.6265625 0.05625 0.0203125
0 0.37265625 0.6703125 0.0671875 0.021875
0 0.39609375 0.6875 0.075 0.015625
0 0.3140625 0.3390625 0.05625 0.015625
0 0.51640625 0.7625 0.090625 0.0265625