0 0.06328125 0.25546875 0.1265625 0.2328125
0 0.1921875 0.11328125 0.11875 0.1921875
0 0.44375 0.0484375 0.15625 0.096875
0 0.3390625 0.19375 0.0953125 0.2109375
0 0.27734375 0.284375 0.11875 0.2796875
0 0.0890625 0.43359375 0.1375 0.146875
0 0.1640625 0.46328125 0.1390625 0.1765625
0 0.37890625 0.52265625 0.1328125 0.209375
0 0.17421875 0.59140625 0.1625 0.1171875
0 0.20703125 0.675 0.1953125 0.16875
0 0.43671875 0.6984375 0.1328125 0.1625
0 0.4765625 0.86015625 0.134375 0.1890625
0 0.34609375 0.86796875 0.1328125 0.2640625
0 0.2546875 0.9171875 0.115625 0.165625
0 0.20234375 0.8296875 0.1046875 0.184375
0 0.12890625 0.8375 0.134375 0.1609375
0 0.14765625 0.93515625 0.1203125 0.1296875
0 0.8265625 0.4015625 0.153125 0.184375
0 0.6875 0.19453125 0.146875 0.3171875
0 0.73203125 0.62734375 0.15625 0.1578125
0 0.6328125 0.46484375 0.153125 0.1859375
0 0.5609375 0.24453125 0.1109375 0.21875
0 0.5078125 0.40703125 0.16875 0.2875
0 0.94765625 0.7171875 0.1046875 0.159375
0 0.6109375 0.68515625 0.15625 0.2015625
0 0.68828125 0.7765625 0.1125 0.14375
0 0.53828125 0.95625 0.0890625 0.0875
0 0.6453125 0.91015625 0.1171875 0.1671875