0 0.49296875 0.14765625 0.0453125 0.0296875
0 0.5140625 0.16796875 0.0328125 0.0109375
0 0.5265625 0.17734375 0.0359375 0.0109375
0 0.425 0.4875 0.0375 0.0125
0 0.42734375 0.48359375 0.046875 0.0140625
0 0.48125 0.37265625 0.034375 0.0109375
0 0.475 0.38828125 0.04375 0.0125
0 0.5828125 0.3703125 0.034375 0.0125
0 0.58359375 0.38828125 0.0375 0.0125
0 0.55703125 0.20234375 0.03125 0.009375
0 0.55546875 0.19921875 0.034375 0.009375
0 0.55 0.18046875 0.0265625 0.009375
0 0.55859375 0.221875 0.03125 0.0109375
0 0.58203125 0.1828125 0.034375 0.0125