0 0.25859375 0.19609375 0.1265625 0.03125
0 0.24921875 0.17109375 0.1109375 0.0453125
0 0.0296875 0.08828125 0.059375 0.0453125
0 0.16875 0.8703125 0.0703125 0.03125
0 0.16171875 0.8859375 0.0828125 0.025
0 0.10390625 0.8796875 0.103125 0.0265625
0 0.25546875 0.7953125 0.1234375 0.03125
0 0.24609375 0.8578125 0.115625 0.046875
0 0.28359375 0.81796875 0.1203125 0.034375
0 0.25859375 0.8375 0.1078125 0.034375
0 0.30625 0.84375 0.0484375 0.0203125
0 0.103125 0.85546875 0.0703125 0.034375
0 0.44921875 0.24375 0.078125 0.0265625
0 0.4796875 0.7 0.0640625 0.021875
0 0.49921875 0.659375 0.071875 0.01875
0 0.45859375 0.24921875 0.0890625 0.0234375
0 0.4890625 0.2921875 0.0421875 0.0203125
0 0.4453125 0.2671875 0.078125 0.0171875
0 0.4296875 0.27890625 0.0859375 0.0203125
0 0.478125 0.32578125 0.0421875 0.0203125
0 0.44453125 0.30078125 0.0546875 0.021875
0 0.446875 0.32265625 0.0765625 0.028125
0 0.44609375 0.2921875 0.071875 0.021875
0 0.5375 0.621875 0.065625 0.01875
0 0.57734375 0.62734375 0.0359375 0.01875
0 0.6546875 0.31953125 0.0421875 0.0109375
0 0.5421875 0.31171875 0.05625 0.0125
0 0.6453125 0.36484375 0.04375 0.0109375
0 0.63828125 0.5046875 0.03125 0.0109375
0 0.63984375 0.5125 0.04375 0.0140625
0 0.62109375 0.321875 0.05 0.015625
0 0.51328125 0.665625 0.084375 0.01875
0 0.559375 0.6421875 0.04375 0.0171875
0 0.50703125 0.64765625 0.075 0.01875
0 0.621875 0.5859375 0.0515625 0.0140625
0 0.60234375 0.59453125 0.05625 0.0125
0 0.39375 0.309375 0.0671875 0.0296875