0 0.4328125 0.43984375 0.2109375 0.109375
0 0.50859375 0.29609375 0.146875 0.096875
0 0.03359375 0.35859375 0.0671875 0.1078125
0 0.2375 0.41484375 0.19375 0.11953125
0 0.1453125 0.50859375 0.22421875 0.140625
0 0.79453125 0.88515625 0.21875 0.1421875
0 0.87890625 0.94140625 0.1796875 0.1171875
0 0.67578125 0.94765625 0.1515625 0.1046875
0 0.4515625 0.95859375 0.23046875 0.0828125
0 0.3 0.92421875 0.14140625 0.11953125
0 0.31484375 0.82265625 0.1875 0.096875
0 0.18125 0.68515625 0.21484375 0.125
0 0.02421875 0.57734375 0.0484375 0.1015625
0 0.10234375 0.62890625 0.184375 0.08515625
0 0.41484375 0.58984375 0.18203125 0.08515625
0 0.3171875 0.7265625 0.12578125 0.09296875
0 0.60390625 0.62578125 0.1765625 0.1015625
0 0.68125 0.72421875 0.14921875 0.1
0 0.93046875 0.75 0.13828125 0.08046875
0 0.86171875 0.6484375 0.15546875 0.10390625
0 0.94140625 0.1640625 0.1171875 0.10625
0 0.6984375 0.284375 0.17890625 0.10546875
0 0.7515625 0.38828125 0.159375 0.1234375
0 0.94296875 0.4109375 0.11328125 0.0765625
0 0.84140625 0.51328125 0.16875 0.08125