0 0.1578125 0.5859375 0.0375 0.05
0 0.1734375 0.5609375 0.0171875 0.034375
0 0.17890625 0.546875 0.01875 0.0375
0 0.5046875 0.57578125 0.0203125 0.0390625
0 0.50078125 0.57421875 0.021875 0.0484375
0 0.3796875 0.546875 0.0171875 0.0359375
0 0.396875 0.54921875 0.021875 0.0453125
0 0.3546875 0.4484375 0.01875 0.0359375
0 0.37265625 0.44375 0.0203125 0.0390625
0 0.19765625 0.51171875 0.015625 0.0328125
0 0.19453125 0.5140625 0.015625 0.0359375
0 0.17734375 0.52265625 0.0140625 0.028125
0 0.215625 0.50546875 0.0171875 0.0328125
0 0.17265625 0.49140625 0.01875 0.0359375