0 0.525 0.42734375 0.0140625 0.0421875
0 0.8515625 0.53203125 0.0265625 0.0421875
0 0.76953125 0.5921875 0.0140625 0.034375
0 0.6296875 0.49140625 0.0109375 0.034375
0 0.6125 0.48515625 0.0171875 0.0421875
0 0.8109375 0.59140625 0.0125 0.0296875
0 0.7953125 0.59453125 0.015625 0.034375
0 0.80703125 0.6234375 0.0125 0.03125
0 0.62109375 0.59375 0.0125 0.034375
0 0.60703125 0.5984375 0.0125 0.0296875
0 0.515625 0.42421875 0.009375 0.028125
0 0.81640625 0.559375 0.0171875 0.0390625
0 0.8265625 0.55625 0.0125 0.0203125