0 0.14609375 0.4 0.18125 0.25
0 0.11875 0.19921875 0.1828125 0.21875
0 0.2921875 0.2875 0.1578125 0.15625
0 0.27734375 0.46875 0.13125 0.1515625
0 0.378125 0.9015625 0.15625 0.196875
0 0.28359375 0.6796875 0.1421875 0.2171875
0 0.86796875 0.24296875 0.1359375 0.18125
0 0.77421875 0.1015625 0.1578125 0.203125
0 0.84296875 0.4828125 0.15625 0.1734375
0 0.70390625 0.2453125 0.1609375 0.1765625
0 0.578125 0.31875 0.125 0.1984375
0 0.4796875 0.1234375 0.16875 0.215625
0 0.70703125 0.41484375 0.1484375 0.2046875
0 0.45859375 0.35625 0.134375 0.18125
0 0.6328125 0.64765625 0.175 0.1765625
0 0.571875 0.44921875 0.125 0.1375
0 0.61328125 0.5359375 0.109375 0.109375
0 0.49609375 0.93359375 0.1328125 0.1328125
0 0.4109375 0.8015625 0.096875 0.1375
0 0.73671875 0.884375 0.15625 0.165625