0 0.15 0.84453125 0.0265625 0.16640625
0 0.11015625 0.85078125 0.0390625 0.1203125
0 0.22890625 0.57578125 0.02421875 0.09453125
0 0.23671875 0.55078125 0.02421875 0.08828125
0 0.2625 0.58046875 0.01953125 0.103125
0 0.2875 0.52109375 0.0203125 0.04296875
0 0.32578125 0.559375 0.02109375 0.059375
0 0.33359375 0.5515625 0.025 0.06328125
0 0.296875 0.58984375 0.01875 0.08046875
0 0.28515625 0.5546875 0.01640625 0.0390625
0 0.78671875 0.5609375 0.015625 0.07265625
0 0.9171875 0.8375 0.03671875 0.14765625
0 0.97421875 0.84765625 0.03671875 0.146875
0 0.771875 0.56484375 0.0234375 0.0828125
0 0.74140625 0.52421875 0.0140625 0.078125
0 0.67578125 0.471875 0.01484375 0.08359375
0 0.69453125 0.51328125 0.02109375 0.07734375
0 0.70703125 0.4546875 0.01328125 0.040625
0 0.73828125 0.48125 0.01328125 0.02890625
0 0.7203125 0.51796875 0.015625 0.08515625
0 0.68984375 0.45234375 0.015625 0.03828125
0 0.615625 0.38046875 0.01484375 0.05546875
0 0.38671875 0.3359375 0.009375 0.04375
0 0.53359375 0.371875 0.00859375 0.04375
0 0.54296875 0.36640625 0.0109375 0.0578125
0 0.33046875 0.33046875 0.009375 0.04375
0 0.3203125 0.46015625 0.015625 0.0609375
0 0.56953125 0.3078125 0.009375 0.04296875
0 0.59765625 0.3421875 0.0140625 0.03515625