0 0.57734375 0.2875 0.0609375 0.0953125
0 0.8359375 0.34765625 0.0796875 0.15625
0 0.80703125 0.4328125 0.04375 0.053125
0 0.66328125 0.5109375 0.0484375 0.1
0 0.78828125 0.32578125 0.0625 0.159375
0 0.71484375 0.41484375 0.04375 0.0703125
0 0.69140625 0.346875 0.040625 0.0640625
0 0.7640625 0.26875 0.0796875 0.171875
0 0.7421875 0.36640625 0.046875 0.065625
0 0.6703125 0.3578125 0.0421875 0.071875
0 0.74140625 0.17734375 0.059375 0.0796875
0 0.771875 0.10703125 0.0734375 0.1203125
0 0.4453125 0.02578125 0.0625 0.0515625
0 0.6359375 0.61015625 0.0421875 0.084375
0 0.15546875 0.3078125 0.0609375 0.1171875
0 0.0875 0.27421875 0.0546875 0.115625
0 0.084375 0.33359375 0.034375 0.05625
0 0.20234375 0.471875 0.0234375 0.0375
0 0.2546875 0.54375 0.0390625 0.0796875
0 0.20625 0.43046875 0.0421875 0.084375
0 0.36484375 0.57578125 0.040625 0.0671875
0 0.16640625 0.44765625 0.021875 0.0328125
0 0.190625 0.3921875 0.059375 0.1171875
0 0.27890625 0.5515625 0.0421875 0.0796875