0 0.0828125 0.94375 0.03125 0.1125
0 0.1015625 0.9265625 0.03359375 0.1359375
0 0.81640625 0.7375 0.034375 0.1078125
0 0.75859375 0.73203125 0.0328125 0.1109375
0 0.1921875 0.69140625 0.025 0.12109375
0 0.16796875 0.70234375 0.03125 0.09921875
0 0.24921875 0.49921875 0.02265625 0.06015625
0 0.24609375 0.51953125 0.02109375 0.06484375
0 0.83984375 0.840625 0.02109375 0.11640625
0 0.78046875 0.7015625 0.02265625 0.11328125
0 0.79921875 0.71796875 0.03046875 0.11796875
0 0.8171875 0.85703125 0.025 0.09453125
0 0.81875 0.7953125 0.02578125 0.03828125
0 0.796875 0.85390625 0.03046875 0.06171875
0 0.8234375 0.97265625 0.02734375 0.0546875
0 0.26796875 0.528125 0.01484375 0.08046875
0 0.2765625 0.53828125 0.01484375 0.078125
0 0.290625 0.52890625 0.01484375 0.0703125
0 0.30078125 0.525 0.0171875 0.04609375
0 0.30390625 0.58203125 0.02109375 0.08125
0 0.296875 0.4796875 0.01875 0.02890625
0 0.32421875 0.521875 0.01640625 0.084375
0 0.31640625 0.5234375 0.01953125 0.0671875
0 0.31640625 0.44375 0.01328125 0.06328125
0 0.3984375 0.3734375 0.01328125 0.02734375
0 0.37265625 0.34921875 0.009375 0.03828125
0 0.328125 0.36015625 0.01484375 0.05
0 0.328125 0.3234375 0.0078125 0.02734375
0 0.3171875 0.3828125 0.01171875 0.04453125
0 0.33671875 0.315625 0.0109375 0.0375
0 0.40703125 0.32734375 0.009375 0.02421875
0 0.40390625 0.2890625 0.00703125 0.02265625
0 0.415625 0.284375 0.0125 0.02265625
0 0.35703125 0.346875 0.01328125 0.03359375
0 0.35 0.30625 0.0078125 0.0328125
0 0.68515625 0.51015625 0.015625 0.05078125
0 0.61484375 0.459375 0.01328125 0.05703125
0 0.6203125 0.4796875 0.01171875 0.05859375
0 0.63515625 0.49765625 0.01640625 0.06875
0 0.64765625 0.50234375 0.01484375 0.065625
0 0.63125 0.46328125 0.015625 0.065625
0 0.621875 0.41875 0.01484375 0.0296875
0 0.6359375 0.4328125 0.0109375 0.0265625
0 0.58671875 0.3734375 0.0109375 0.04609375
0 0.59140625 0.396875 0.00859375 0.04765625
0 0.56171875 0.3734375 0.0125 0.0453125
0 0.5671875 0.378125 0.0109375 0.040625
0 0.515625 0.3546875 0.009375 0.04140625
0 0.50859375 0.35703125 0.0109375 0.02734375
0 0.475 0.26171875 0.00859375 0.02578125
0 0.37265625 0.24765625 0.0078125 0.02890625
0 0.4484375 0.23671875 0.00703125 0.02421875
0 0.54296875 0.3109375 0.01015625 0.04140625