0 0.4890625 0.796875 0.1625 0.225
0 0.59375 0.665625 0.1265625 0.1796875
0 0.33125 0.4046875 0.15625 0.203125
0 0.1703125 0.68203125 0.159375 0.20625
0 0.296875 0.93125 0.171875 0.1375
0 0.23359375 0.82890625 0.146875 0.1640625
0 0.06328125 0.54140625 0.1265625 0.1734375
0 0.0375 0.34140625 0.075 0.1640625
0 0.12578125 0.4140625 0.175 0.1625
0 0.1984375 0.090625 0.1171875 0.10625
0 0.46015625 0.55234375 0.115625 0.18125
0 0.53046875 0.52265625 0.096875 0.1875
0 0.40546875 0.253125 0.125 0.165625
0 0.1734375 0.2171875 0.1703125 0.19375
0 0.36953125 0.57109375 0.1359375 0.1578125
0 0.52734375 0.35078125 0.1359375 0.2
0 0.47890625 0.12890625 0.1296875 0.175
0 0.7859375 0.28984375 0.18125 0.1953125
0 0.71640625 0.7046875 0.1078125 0.16875
0 0.84375 0.84609375 0.1265625 0.1890625
0 0.81953125 0.50390625 0.165625 0.2671875
0 0.8484375 0.6984375 0.115625 0.159375
0 0.65390625 0.1 0.1328125 0.2
0 0.2921875 0.09453125 0.1109375 0.14375
0 0.37890625 0.08515625 0.1140625 0.1546875
0 0.69609375 0.490625 0.1421875 0.28125