0 0.209375 0.4375 0.20625 0.128125
0 0.3203125 0.56328125 0.1640625 0.1
0 0.6234375 0.35078125 0.184375 0.1265625
0 0.378125 0.14375 0.1875 0.128125
0 0.09453125 0.221875 0.146875 0.1484375
0 0.22265625 0.18046875 0.1453125 0.1234375
0 0.53515625 0.0578125 0.15625 0.1125
0 0.740625 0.05 0.15 0.096875
0 0.65 0.14609375 0.1375 0.153125
0 0.95546875 0.27421875 0.0890625 0.103125
0 0.45546875 0.4515625 0.16875 0.0875
0 0.47265625 0.52578125 0.178125 0.0671875
0 0.759375 0.45 0.15 0.1
0 0.83515625 0.22734375 0.171875 0.1421875
0 0.45234375 0.359375 0.140625 0.1125
0 0.6421875 0.553125 0.184375 0.10625
0 0.86875 0.54375 0.159375 0.103125
0 0.65703125 0.81796875 0.171875 0.153125
0 0.2609375 0.67734375 0.15625 0.08125
0 0.09921875 0.778125 0.175 0.096875
0 0.440625 0.8140625 0.25 0.1234375
0 0.24375 0.80859375 0.1453125 0.0921875
0 0.8828125 0.72421875 0.21875 0.096875
0 0.93515625 0.365625 0.1296875 0.0890625
0 0.9296875 0.453125 0.140625 0.090625
0 0.475 0.69453125 0.26875 0.096875