0 0.51953125 0.16796875 0.034375 0.009375
0 0.53359375 0.178125 0.034375 0.0078125
0 0.484375 0.371875 0.028125 0.0078125
0 0.4734375 0.38671875 0.0375 0.0140625
0 0.4265625 0.48046875 0.04375 0.0078125
0 0.425 0.4890625 0.028125 0.0140625
0 0.57421875 0.37265625 0.034375 0.0125
0 0.57578125 0.38125 0.0328125 0.0109375
0 0.575 0.390625 0.034375 0.0109375
0 0.50390625 0.1484375 0.034375 0.0171875
0 0.5640625 0.2015625 0.0328125 0.0109375
0 0.56328125 0.18828125 0.025 0.00625
0 0.56484375 0.184375 0.025 0.009375
0 0.5828125 0.184375 0.015625 0.0109375
0 0.584375 0.17578125 0.03125 0.009375
0 0.5625 0.21953125 0.028125 0.009375