0 0.50078125 0.51328125 0.0453125 0.0203125
0 0.58515625 0.4890625 0.034375 0.0125
0 0.66640625 0.4328125 0.034375 0.0171875
0 0.66640625 0.44375 0.0234375 0.0109375
0 0.5203125 0.19921875 0.025 0.0140625
0 0.5734375 0.25625 0.0234375 0.015625
0 0.70859375 0.19375 0.021875 0.0109375
0 0.71875 0.209375 0.0171875 0.009375
0 0.77890625 0.27890625 0.025 0.0109375
0 0.7796875 0.2828125 0.0171875 0.009375
0 0.66484375 0.403125 0.025 0.0109375
0 0.628125 0.28828125 0.0234375 0.0109375
0 0.62890625 0.296875 0.0171875 0.009375
0 0.6359375 0.3140625 0.015625 0.009375
0 0.63515625 0.309375 0.0171875 0.009375
0 0.790625 0.69609375 0.025 0.0109375
0 0.52265625 0.48359375 0.0171875 0.009375
0 0.353125 0.53828125 0.0328125 0.021875
0 0.4015625 0.575 0.0484375 0.0203125
0 0.30390625 0.9703125 0.0578125 0.021875
0 0.30703125 0.9953125 0.0546875 0.009375
0 0.88671875 0.43828125 0.015625 0.009375
0 0.89375 0.440625 0.0203125 0.009375
0 0.82578125 0.35078125 0.0171875 0.009375
0 0.8109375 0.3265625 0.0140625 0.009375
0 0.79140625 0.29453125 0.0171875 0.009375
0 0.896875 0.459375 0.0203125 0.009375
0 0.89765625 0.46328125 0.0203125 0.009375
0 0.11640625 0.98046875 0.0515625 0.025
0 0.71328125 0.56640625 0.0234375 0.0109375