0 0.475 0.76875 0.0265625 0.05234375
0 0.64375 0.834375 0.02734375 0.0796875
0 0.71953125 0.915625 0.0359375 0.07109375
0 0.84609375 0.8953125 0.03359375 0.0765625
0 0.94140625 0.7359375 0.021875 0.0484375
0 0.6828125 0.71171875 0.0234375 0.03828125
0 0.240625 0.6625 0.0140625 0.03671875
0 0.5609375 0.6109375 0.0109375 0.04765625
0 0.78515625 0.64921875 0.015625 0.0359375
0 0.671875 0.6640625 0.00703125 0.0296875
0 0.73671875 0.69765625 0.015625 0.03515625
0 0.82890625 0.67734375 0.0171875 0.03515625
0 0.87734375 0.7203125 0.02109375 0.0515625
0 0.275 0.965625 0.078125 0.06484375
0 0.10703125 0.69921875 0.02421875 0.0375
0 0.715625 0.765625 0.02578125 0.0359375
0 0.31015625 0.71640625 0.02734375 0.0203125
0 0.4765625 0.83125 0.06328125 0.03984375
0 0.6765625 0.665625 0.00703125 0.03046875
0 0.92421875 0.75078125 0.01640625 0.04453125
0 0.7078125 0.74296875 0.0265625 0.028125
0 0.72578125 0.715625 0.01875 0.0375