0 0.7578125 0.315625 0.0625 0.146875
0 0.48828125 0.175 0.0375 0.053125
0 0.471875 0.10234375 0.06875 0.103125
0 0.7125 0.31640625 0.053125 0.1453125
0 0.04296875 0.44140625 0.0484375 0.1015625
0 0.75859375 0.3953125 0.0375 0.0453125
0 0.02265625 0.42265625 0.0453125 0.1265625
0 0.17734375 0.49296875 0.046875 0.1
0 0.1140625 0.4875 0.0453125 0.1
0 0.13359375 0.5296875 0.0296875 0.0625
0 0.6578125 0.3015625 0.05 0.0953125
0 0.665625 0.49140625 0.0375 0.0890625
0 0.68359375 0.31171875 0.0515625 0.15
0 0.67734375 0.390625 0.05 0.0984375
0 0.6375 0.3546875 0.0390625 0.0796875
0 0.29609375 0.62265625 0.0359375 0.084375
0 0.3421875 0.640625 0.034375 0.075
0 0.31796875 0.63984375 0.0359375 0.078125
0 0.4265625 0.64296875 0.0328125 0.071875
0 0.25 0.5859375 0.0296875 0.059375
0 0.23671875 0.5578125 0.0328125 0.0828125
0 0.18828125 0.5703125 0.0296875 0.05625
0 0.203125 0.521875 0.040625 0.090625