0 0.096875 0.86796875 0.053125 0.12734375
0 0.1359375 0.86171875 0.03671875 0.18828125
0 0.228125 0.5703125 0.03046875 0.10703125
0 0.23515625 0.540625 0.02890625 0.08359375
0 0.2625 0.575 0.02421875 0.1140625
0 0.33046875 0.575 0.02421875 0.09765625
0 0.290625 0.5125 0.02578125 0.040625
0 0.28125 0.58984375 0.02265625 0.11484375
0 0.3015625 0.58828125 0.02109375 0.084375
0 0.971875 0.83984375 0.0375 0.15546875
0 0.81796875 0.55546875 0.025 0.07578125
0 0.7640625 0.51796875 0.02265625 0.08671875
0 0.79921875 0.55546875 0.0265625 0.07578125
0 0.6921875 0.44921875 0.0140625 0.065625
0 0.72578125 0.446875 0.01953125 0.04453125
0 0.7140625 0.50703125 0.01796875 0.07578125
0 0.703125 0.46640625 0.01484375 0.08671875
0 0.75859375 0.47578125 0.0125 0.03515625
0 0.7390625 0.5140625 0.0171875 0.0734375
0 0.321875 0.45625 0.015625 0.07421875
0 0.54921875 0.36015625 0.01953125 0.05546875
0 0.33125 0.36953125 0.01796875 0.0625
0 0.6265625 0.3734375 0.01640625 0.05625
0 0.64453125 0.37421875 0.01875 0.0578125
0 0.39140625 0.328125 0.01171875 0.04453125
0 0.3328125 0.321875 0.0109375 0.05546875