0 0.1296875 0.69453125 0.025 0.03828125
0 0.25234375 0.66171875 0.01796875 0.0359375
0 0.55546875 0.61171875 0.01171875 0.04140625
0 0.475 0.765625 0.02421875 0.05625
0 0.6671875 0.66640625 0.00859375 0.0328125
0 0.28984375 0.92109375 0.0703125 0.0546875
0 0.76875 0.6515625 0.01171875 0.02265625
0 0.81015625 0.6765625 0.009375 0.02421875
0 0.63046875 0.80390625 0.0234375 0.04375
0 0.7078125 0.71640625 0.01796875 0.03671875
0 0.80546875 0.853125 0.02734375 0.0515625
0 0.67109375 0.71171875 0.0203125 0.04375
0 0.65625 0.846875 0.0640625 0.0359375
0 0.6921875 0.87265625 0.0265625 0.05546875
0 0.8484375 0.71328125 0.01640625 0.04609375
0 0.721875 0.6921875 0.01484375 0.03515625
0 0.465625 0.8109375 0.05703125 0.03828125
0 0.8875 0.74453125 0.021875 0.046875
0 0.9046875 0.728125 0.0203125 0.04375
0 0.66328125 0.66484375 0.00859375 0.0234375
0 0.69453125 0.734375 0.0203125 0.0265625
0 0.6984375 0.75078125 0.01953125 0.0375
0 0.31484375 0.7125 0.01875 0.0203125