0 0.9296875 0.25234375 0.021875 0.0390625
0 0.72109375 0.11796875 0.01875 0.0484375
0 0.4890625 0.215625 0.015625 0.0421875
0 0.59921875 0.22421875 0.015625 0.040625
0 0.61640625 0.21953125 0.015625 0.0359375
0 0.790625 0.084375 0.0171875 0.0453125
0 0.3421875 0.02578125 0.0109375 0.0125
0 0.08515625 0.10546875 0.0203125 0.0296875
0 0.06953125 0.09375 0.0203125 0.0484375
0 0.015625 0.15 0.0234375 0.0453125
0 0.21328125 0.2765625 0.0203125 0.0484375
0 0.70625 0.071875 0.025 0.0546875
0 0.71328125 0.10234375 0.0125 0.0203125
0 0.196875 0.284375 0.015625 0.04375
0 0.55546875 0.2734375 0.0171875 0.0328125
0 0.7125 0.27890625 0.0140625 0.0265625
0 0.434375 0.20703125 0.01875 0.034375
0 0.4296875 0.2390625 0.015625 0.0390625
0 0.04609375 0.10078125 0.028125 0.059375
0 0.06484375 0.3234375 0.021875 0.04375
0 0.01328125 0.33828125 0.015625 0.0328125
0 0.31796875 0.2265625 0.0171875 0.0453125
0 0.4234375 0.20546875 0.0140625 0.0328125
0 0.4203125 0.23984375 0.0125 0.0328125
0 0.41328125 0.2 0.0140625 0.0359375
0 0.3890625 0.20703125 0.0171875 0.03125
0 0.37421875 0.2125 0.025 0.0375
0 0.00234375 0.36953125 0.0046875 0.0296875