0 0.74140625 0.83984375 0.034375 0.03125
0 0.52109375 0.72265625 0.0234375 0.03125
0 0.684375 0.9203125 0.0453125 0.046875
0 0.64453125 0.871875 0.040625 0.0453125
0 0.6953125 0.97890625 0.0421875 0.0421875
0 0.56640625 0.70859375 0.021875 0.0265625
0 0.60625 0.8421875 0.0359375 0.0328125
0 0.4734375 0.69609375 0.0234375 0.03125
0 0.45078125 0.60859375 0.0171875 0.025
0 0.33984375 0.690625 0.0203125 0.0328125
0 0.17109375 0.68046875 0.0265625 0.0359375
0 0.3859375 0.6328125 0.0234375 0.0265625
0 0.36484375 0.6546875 0.0234375 0.0296875
0 0.39375 0.74296875 0.0328125 0.03125
0 0.403125 0.7765625 0.0328125 0.0484375
0 0.38828125 0.70859375 0.028125 0.0328125
0 0.371875 0.70859375 0.021875 0.025
0 0.4046875 0.7015625 0.03125 0.03125
0 0.32265625 0.59921875 0.01875 0.021875
0 0.30625 0.628125 0.01875 0.028125
0 0.2828125 0.63046875 0.0203125 0.0296875
0 0.30625 0.60703125 0.0171875 0.021875
0 0.05546875 0.57890625 0.01875 0.028125
0 0.096875 0.59609375 0.0203125 0.025
0 0.303125 0.72265625 0.021875 0.021875