0 0.04375 0.88359375 0.03828125 0.0578125
0 0.20078125 0.684375 0.02734375 0.0390625
0 0.29375 0.66171875 0.02421875 0.02890625
0 0.33046875 0.81875 0.04921875 0.03984375
0 0.34609375 0.92421875 0.0703125 0.046875
0 0.63984375 0.90234375 0.0390625 0.05859375
0 0.5828125 0.87890625 0.03359375 0.05390625
0 0.440625 0.7671875 0.0453125 0.03515625
0 0.48046875 0.7359375 0.02578125 0.034375
0 0.67734375 0.68125 0.02421875 0.03203125
0 0.5921875 0.76875 0.0328125 0.05546875
0 0.63125 0.79921875 0.02578125 0.04765625
0 0.70234375 0.78515625 0.0265625 0.04453125
0 0.5734375 0.97265625 0.0375 0.0546875
0 0.62890625 0.69375 0.02265625 0.03515625
0 0.6609375 0.70078125 0.02265625 0.034375
0 0.64609375 0.72421875 0.03046875 0.04375
0 0.71875 0.6390625 0.01796875 0.02578125
0 0.74453125 0.65859375 0.021875 0.0390625
0 0.78203125 0.71328125 0.0203125 0.03828125
0 0.80390625 0.709375 0.03046875 0.05234375
0 0.75703125 0.6921875 0.021875 0.03828125