0 0.43046875 0.95234375 0.01875 0.01953125
0 0.49765625 0.96484375 0.0296875 0.02421875
0 0.83125 0.96875 0.046875 0.02890625
0 0.45859375 0.7953125 0.02265625 0.01640625
0 0.490625 0.7921875 0.0234375 0.0203125
0 0.63984375 0.77734375 0.05625 0.0234375
0 0.65703125 0.54140625 0.04375 0.0265625
0 0.70625 0.47421875 0.06328125 0.0265625
0 0.7203125 0.45703125 0.06484375 0.021875
0 0.615625 0.365625 0.05546875 0.02265625
0 0.6375 0.34609375 0.03203125 0.01796875
0 0.39765625 0.46015625 0.01484375 0.01640625
0 0.434375 0.46171875 0.02265625 0.01796875
0 0.48046875 0.4796875 0.01875 0.0171875
0 0.4171875 0.48359375 0.015625 0.015625
0 0.4109375 0.50234375 0.01953125 0.02421875
0 0.43828125 0.0328125 0.0125 0.02578125
0 0.703125 0.1828125 0.0171875 0.0328125
0 0.8578125 0.496875 0.025 0.01640625
0 0.65390625 0.1109375 0.02109375 0.021875
0 0.67421875 0.08125 0.0515625 0.02421875
0 0.6703125 0.08828125 0.0203125 0.03046875
0 0.8015625 0.03125 0.02578125 0.03046875
0 0.9265625 0.03203125 0.05390625 0.01953125
0 0.92734375 0.02109375 0.0390625 0.0203125
0 0.6921875 0.0109375 0.0125 0.021875
0 0.90234375 0.09453125 0.03359375 0.0234375
0 0.8546875 0.7359375 0.0375 0.01328125
0 0.88359375 0.7171875 0.0484375 0.025
0 0.91015625 0.77109375 0.0234375 0.02109375
0 0.45 0.8171875 0.0234375 0.015625
0 0.63984375 0.13359375 0.0171875 0.02109375