0 0.47265625 0.72421875 0.0421875 0.08671875
0 0.20703125 0.72421875 0.046875 0.15
0 0.215625 0.634375 0.034375 0.04609375
0 0.33828125 0.52578125 0.02734375 0.096875
0 0.25859375 0.734375 0.02890625 0.1578125
0 0.31015625 0.63125 0.0296875 0.06640625
0 0.34765625 0.6921875 0.02734375 0.06015625
0 0.29453125 0.784375 0.04375 0.16484375
0 0.29375 0.684375 0.03515625 0.05859375
0 0.365625 0.6765625 0.02890625 0.0671875
0 0.3375 0.86875 0.04296875 0.07109375
0 0.3234375 0.94375 0.05 0.1125
0 0.6625 0.9640625 0.04765625 0.071875
0 0.34296875 0.4234375 0.02421875 0.08125
0 0.87890625 0.61015625 0.0375 0.1109375
0 0.953125 0.62734375 0.0296875 0.11171875
0 0.9421875 0.56875 0.0234375 0.0515625
0 0.79609375 0.46015625 0.01640625 0.03359375
0 0.72890625 0.40234375 0.02265625 0.0765625
0 0.8015625 0.5015625 0.02421875 0.08203125
0 0.61484375 0.3953125 0.0265625 0.06328125
0 0.83671875 0.47578125 0.01640625 0.0296875
0 0.82578125 0.53515625 0.034375 0.11328125
0 0.70390625 0.4 0.0265625 0.075