0 0.97421875 0.321875 0.015625 0.0375
0 0.86640625 0.13125 0.0125 0.034375
0 0.8609375 0.14140625 0.0109375 0.0375
0 0.79765625 0.15078125 0.0109375 0.0421875
0 0.78671875 0.13359375 0.0140625 0.028125
0 0.790625 0.1078125 0.021875 0.0484375
0 0.10859375 0.02265625 0.0203125 0.0453125
0 0.0484375 0.0140625 0.021875 0.028125
0 0.0359375 0.03359375 0.0171875 0.04375
0 0.0375 0.05 0.0203125 0.046875
0 0.02734375 0.059375 0.0109375 0.028125
0 0.02890625 0.02421875 0.0109375 0.04375
0 0.271875 0.19296875 0.0125 0.04375
0 0.26328125 0.19765625 0.0140625 0.04375
0 0.2546875 0.1984375 0.0140625 0.046875
0 0.075 0.21015625 0.0140625 0.046875
0 0.025 0.22890625 0.0125 0.0375
0 0.0328125 0.22421875 0.015625 0.0390625
0 0.121875 0.20703125 0.015625 0.0375
0 0.35 0.13046875 0.0140625 0.025
0 0.3421875 0.13125 0.0109375 0.04375
0 0.75859375 0.31015625 0.0109375 0.021875
0 0.67265625 0.2203125 0.0109375 0.0359375
0 0.6546875 0.22890625 0.0125 0.0453125
0 0.60546875 0.271875 0.0140625 0.0296875
0 0.503125 0.1765625 0.0140625 0.0328125
0 0.4921875 0.171875 0.0125 0.034375
0 0.48515625 0.1640625 0.0109375 0.028125
0 0.4453125 0.16875 0.0140625 0.03125
0 0.45625 0.16640625 0.0140625 0.028125
0 0.39921875 0.16171875 0.0109375 0.0375
0 0.48203125 0.20546875 0.0140625 0.03125
0 0.490625 0.20703125 0.0125 0.0328125