0 0.06875 0.771875 0.1375 0.103125
0 0.06953125 0.66328125 0.13828125 0.11171875
0 0.16484375 0.58046875 0.175 0.10234375
0 0.259375 0.6875 0.1921875 0.12109375
0 0.05703125 0.8796875 0.1140625 0.09609375
0 0.3296875 0.93359375 0.203125 0.1328125
0 0.453125 0.809375 0.19765625 0.17421875
0 0.5734375 0.828125 0.20625 0.14453125
0 0.64765625 0.72265625 0.1828125 0.13125
0 0.41484375 0.5546875 0.17578125 0.08984375
0 0.52734375 0.63671875 0.18359375 0.14296875
0 0.71328125 0.609375 0.18515625 0.11640625
0 0.81875 0.5234375 0.18671875 0.0921875
0 0.95546875 0.5265625 0.0890625 0.0890625
0 0.92265625 0.66328125 0.15390625 0.08203125
0 0.87734375 0.85234375 0.17890625 0.159375
0 0.1 0.421875 0.2 0.1109375
0 0.28046875 0.49140625 0.1828125 0.09296875
0 0.290625 0.3703125 0.16796875 0.08671875
0 0.3171875 0.42109375 0.175 0.10859375
0 0.25 0.3078125 0.27109375 0.103125
0 0.08671875 0.20234375 0.1734375 0.1109375
0 0.4265625 0.21875 0.23203125 0.19375
0 0.55625 0.36171875 0.15234375 0.14765625
0 0.66953125 0.25625 0.15859375 0.12578125
0 0.94609375 0.10078125 0.10703125 0.09375
0 0.9328125 0.21015625 0.13359375 0.0984375
0 0.97109375 0.43203125 0.0578125 0.09140625