0 0.3953125 0.43515625 0.034375 0.0234375
0 0.10546875 0.703125 0.0421875 0.0296875
0 0.04921875 0.85625 0.040625 0.05
0 0.29609375 0.61796875 0.0296875 0.0203125
0 0.28515625 0.45234375 0.034375 0.025
0 0.24765625 0.6796875 0.0234375 0.021875
0 0.04765625 0.64375 0.0390625 0.04375
0 0.10078125 0.525 0.0359375 0.0453125
0 0.20078125 0.546875 0.0328125 0.0296875
0 0.24921875 0.490625 0.0359375 0.046875
0 0.159375 0.51640625 0.034375 0.03125
0 0.37734375 0.35 0.028125 0.0171875
0 0.29921875 0.3671875 0.025 0.021875
0 0.3578125 0.32421875 0.028125 0.021875
0 0.33515625 0.3328125 0.0296875 0.0234375
0 0.2203125 0.353125 0.0359375 0.0296875
0 0.284375 0.34765625 0.0328125 0.0265625
0 0.2765625 0.32734375 0.0296875 0.025
0 0.35234375 0.3453125 0.0203125 0.015625
0 0.22421875 0.3140625 0.03125 0.0203125
0 0.30546875 0.27890625 0.0328125 0.0203125
0 0.42109375 0.2796875 0.0234375 0.0171875
0 0.4125 0.2578125 0.021875 0.015625
0 0.3890625 0.2203125 0.0265625 0.01875
0 0.31015625 0.01796875 0.034375 0.025
0 0.246875 0.20078125 0.0453125 0.059375
0 0.16796875 0.3484375 0.0390625 0.028125
0 0.271875 0.565625 0.028125 0.03125
0 0.3921875 0.2484375 0.03125 0.0203125
0 0.37890625 0.23046875 0.0171875 0.0140625
0 0.36953125 0.3125 0.015625 0.015625