0 0.30390625 0.271875 0.12265625 0.075
0 0.3359375 0.35859375 0.16875 0.11796875
0 0.1359375 0.2265625 0.1375 0.13359375
0 0.6375 0.20390625 0.125 0.11875
0 0.7421875 0.2265625 0.1265625 0.0984375
0 0.65859375 0.31015625 0.1578125 0.06796875
0 0.796875 0.3265625 0.13125 0.10078125
0 0.1453125 0.3765625 0.14453125 0.09375
0 0.125 0.4953125 0.18359375 0.0859375
0 0.12578125 0.60859375 0.25078125 0.09609375
0 0.3828125 0.57734375 0.13046875 0.08515625
0 0.3734375 0.684375 0.13515625 0.10625
0 0.0671875 0.74296875 0.13359375 0.08515625
0 0.93203125 0.3828125 0.1359375 0.10625
0 0.52109375 0.61484375 0.14765625 0.08515625
0 0.03828125 0.30546875 0.07578125 0.115625
0 0.56953125 0.73125 0.209375 0.10078125
0 0.09921875 0.9 0.19765625 0.15546875
0 0.30625 0.89765625 0.14765625 0.1421875
0 0.7 0.89140625 0.1421875 0.09765625
0 0.5 0.9203125 0.17734375 0.12578125
0 0.80859375 0.46953125 0.13125 0.1078125
0 0.9359375 0.6015625 0.12734375 0.10078125