0 0.515625 0.4734375 0.00625 0.0375
0 0.48671875 0.44921875 0.01015625 0.01640625
0 0.5046875 0.60703125 0.0109375 0.02890625
0 0.54921875 0.57109375 0.01015625 0.04453125
0 0.88203125 0.71171875 0.01484375 0.0421875
0 0.9171875 0.725 0.015625 0.05078125
0 0.50234375 0.390625 0.00625 0.03203125
0 0.47578125 0.31015625 0.00625 0.034375
0 0.44375 0.31015625 0.00546875 0.02421875
0 0.21875 0.4015625 0.01015625 0.01953125
0 0.2609375 0.21875 0.00625 0.0109375
0 0.27421875 0.2125 0.00625 0.01640625
0 0.328125 0.18515625 0.00625 0.015625
0 0.35 0.171875 0.00546875 0.01484375
0 0.43984375 0.13671875 0.00546875 0.01328125
0 0.4578125 0.12734375 0.00625 0.0140625
0 0.421875 0.1453125 0.00546875 0.015625
0 0.5203125 0.1046875 0.00546875 0.015625
0 0.52421875 0.09609375 0.00546875 0.01484375
0 0.5515625 0.09609375 0.00546875 0.01484375
0 0.328125 0.32578125 0.00546875 0.028125
0 0.3328125 0.32109375 0.00625 0.0203125
0 0.35078125 0.32109375 0.00546875 0.01953125
0 0.34609375 0.31953125 0.00625 0.01484375
0 0.74375 0.24296875 0.00546875 0.02421875
0 0.834375 0.87265625 0.01796875 0.05