0 0.38125 0.50625 0.24765625 0.1703125
0 0.47109375 0.62578125 0.27578125 0.1203125
0 0.56484375 0.58046875 0.13359375 0.08515625
0 0.1984375 0.43984375 0.24140625 0.0984375
0 0.39765625 0.35703125 0.1453125 0.1484375
0 0.32890625 0.16484375 0.171875 0.1390625
0 0.1421875 0.31171875 0.284375 0.11328125
0 0.034375 0.55625 0.06875 0.06875
0 0.16328125 0.67109375 0.2046875 0.1171875
0 0.19921875 0.82109375 0.1890625 0.0859375
0 0.2375 0.91796875 0.2328125 0.1328125
0 0.42109375 0.890625 0.140625 0.09765625
0 0.31953125 0.7125 0.23203125 0.1078125
0 0.54453125 0.26640625 0.21875 0.11484375
0 0.8359375 0.05 0.196875 0.1
0 0.90625 0.34765625 0.15703125 0.1203125
0 0.72578125 0.3125 0.1171875 0.121875
0 0.6625 0.40234375 0.16953125 0.13125
0 0.9453125 0.4484375 0.109375 0.08125
0 0.80078125 0.56171875 0.1859375 0.0875
0 0.8703125 0.65390625 0.22734375 0.10625
0 0.9453125 0.76015625 0.10859375 0.07421875
0 0.8265625 0.790625 0.16484375 0.10078125
0 0.8640625 0.8796875 0.18828125 0.1296875
0 0.63203125 0.7984375 0.134375 0.14609375
0 0.70859375 0.90703125 0.21328125 0.08984375
0 0.9265625 0.8484375 0.146875 0.084375
0 0.55 0.89296875 0.14765625 0.2015625