0 0.69296875 0.83515625 0.2203125 0.10625
0 0.1578125 0.2078125 0.16640625 0.11875
0 0.30078125 0.16171875 0.13671875 0.11953125
0 0.4359375 0.1296875 0.1359375 0.11484375
0 0.7 0.13203125 0.1484375 0.10546875
0 0.8796875 0.2296875 0.18515625 0.1328125
0 0.45234375 0.44140625 0.17890625 0.0953125
0 0.92265625 0.3859375 0.1546875 0.096875
0 0.51953125 0.365625 0.165625 0.09140625
0 0.04453125 0.2546875 0.0890625 0.10703125
0 0.06328125 0.409375 0.1265625 0.0859375
0 0.2453125 0.44296875 0.20390625 0.115625
0 0.6765625 0.30546875 0.18046875 0.115625
0 0.10234375 0.75078125 0.17890625 0.07578125
0 0.35546875 0.55234375 0.16796875 0.090625
0 0.26484375 0.66328125 0.14140625 0.075
0 0.46796875 0.66875 0.26640625 0.09375
0 0.22890625 0.7984375 0.15859375 0.09453125
0 0.434375 0.8078125 0.22890625 0.1359375
0 0.85859375 0.7578125 0.21796875 0.1
0 0.52734375 0.57578125 0.15390625 0.09609375
0 0.70078125 0.57265625 0.178125 0.125
0 0.79609375 0.46953125 0.15546875 0.1015625
0 0.86328125 0.57109375 0.1390625 0.07890625
0 0.8203125 0.66015625 0.15546875 0.0859375