0 0.17890625 0.765625 0.028125 0.02578125
0 0.421875 0.709375 0.0171875 0.02734375
0 0.21328125 0.85859375 0.0359375 0.0390625
0 0.2640625 0.821875 0.03046875 0.0390625
0 0.1875 0.91171875 0.03515625 0.034375
0 0.38203125 0.684375 0.015625 0.0234375
0 0.30859375 0.803125 0.03046875 0.02578125
0 0.475 0.69609375 0.0171875 0.02734375
0 0.51953125 0.61796875 0.01171875 0.021875
0 0.60546875 0.72578125 0.01328125 0.03046875
0 0.77109375 0.759375 0.01796875 0.0328125
0 0.57578125 0.6578125 0.0171875 0.0234375
0 0.590625 0.684375 0.0171875 0.0265625
0 0.53984375 0.7625 0.0265625 0.02578125
0 0.521875 0.7921875 0.02109375 0.04296875
0 0.55390625 0.73046875 0.02109375 0.02734375
0 0.56953125 0.734375 0.0171875 0.02109375
0 0.53984375 0.71953125 0.025 0.02578125
0 0.6453125 0.64140625 0.0140625 0.01796875
0 0.65390625 0.67421875 0.0125 0.025
0 0.67578125 0.68203125 0.0140625 0.0265625
0 0.659375 0.65390625 0.0125 0.01796875
0 0.90859375 0.69140625 0.01328125 0.02578125
0 0.86484375 0.696875 0.01640625 0.021875
0 0.6328125 0.76640625 0.0171875 0.01953125
0 0.984375 0.90078125 0.03125 0.0265625
0 0.9375 0.91875 0.04296875 0.03359375