0 0.15 0.34296875 0.146875 0.1859375
0 0.2203125 0.13515625 0.159375 0.171875
0 0.26953125 0.040625 0.1265625 0.08125
0 0.38984375 0.3078125 0.1421875 0.1984375
0 0.55078125 0.16953125 0.1203125 0.2109375
0 0.53125 0.4890625 0.1203125 0.1296875
0 0.47734375 0.359375 0.1 0.1578125
0 0.61953125 0.3671875 0.1265625 0.165625
0 0.93828125 0.3359375 0.1234375 0.20625
0 0.89921875 0.17421875 0.1140625 0.1859375
0 0.8234375 0.5671875 0.15 0.16875
0 0.71484375 0.48359375 0.1140625 0.2046875
0 0.76328125 0.29609375 0.121875 0.178125
0 0.23125 0.51171875 0.121875 0.184375
0 0.5625 0.71328125 0.1140625 0.153125
0 0.58046875 0.590625 0.1015625 0.11875
0 0.60234375 0.909375 0.1390625 0.18125
0 0.2953125 0.79609375 0.1125 0.1765625