0 0.6828125 0.96875 0.115625 0.0625
0 0.53046875 0.9640625 0.1046875 0.071875
0 0.6765625 0.79140625 0.1125 0.1875
0 0.590625 0.79609375 0.1359375 0.16875
0 0.70625 0.6375 0.1140625 0.178125
0 0.66015625 0.3296875 0.121875 0.1890625
0 0.5921875 0.4765625 0.1375 0.21875
0 0.73359375 0.09140625 0.134375 0.1546875
0 0.4546875 0.08984375 0.128125 0.1796875
0 0.55390625 0.1875 0.1984375 0.1890625
0 0.53125 0.05 0.096875 0.1
0 0.39921875 0.2 0.1046875 0.1734375
0 0.30625 0.25390625 0.115625 0.18125
0 0.4328125 0.4234375 0.0703125 0.1734375
0 0.3828125 0.61484375 0.1453125 0.1859375
0 0.4390625 0.85546875 0.096875 0.175
0 0.2125 0.1984375 0.1484375 0.225
0 0.04921875 0.27265625 0.075 0.15625
0 0.05234375 0.5796875 0.1046875 0.184375
0 0.03203125 0.7609375 0.0640625 0.203125
0 0.1296875 0.66640625 0.1765625 0.184375
0 0.315625 0.8 0.1140625 0.1625
0 0.20546875 0.884375 0.1046875 0.190625