0 0.7703125 0.9734375 0.040625 0.053125
0 0.7046875 0.76640625 0.025 0.0328125
0 0.634375 0.715625 0.0203125 0.03125
0 0.5078125 0.915625 0.075 0.059375
0 0.2546875 0.81796875 0.0390625 0.059375
0 0.3109375 0.8125 0.034375 0.0484375
0 0.46953125 0.7671875 0.05625 0.0484375
0 0.440625 0.7265625 0.0296875 0.04375
0 0.31796875 0.64609375 0.0265625 0.0375
0 0.23125 0.70390625 0.0296875 0.0421875
0 0.29375 0.9015625 0.0390625 0.0609375
0 0.42734375 0.5921875 0.01875 0.0328125
0 0.3296875 0.61796875 0.01875 0.0296875
0 0.28671875 0.73359375 0.0359375 0.04375
0 0.2546875 0.56171875 0.0171875 0.025
0 0.29375 0.640625 0.025 0.0328125
0 0.1703125 0.6015625 0.0296875 0.0390625
0 0.33671875 0.71640625 0.0328125 0.04375
0 0.29921875 0.665625 0.0265625 0.0375
0 0.55546875 0.84296875 0.0375 0.046875
0 0.49921875 0.990625 0.0453125 0.01875
0 0.21015625 0.5953125 0.0234375 0.03125
0 0.57421875 0.7375 0.0375 0.034375
0 0.315625 0.7375 0.0390625 0.04375
0 0.28125 0.621875 0.0171875 0.025
0 0.184375 0.60859375 0.01875 0.0265625
0 0.2296875 0.57109375 0.01875 0.025
0 0.08125 0.7859375 0.0578125 0.046875