0 0.10546875 0.59609375 0.0265625 0.0375
0 0.02578125 0.55078125 0.0375 0.0703125
0 0.134375 0.65546875 0.025 0.01875
0 0.0375 0.28046875 0.0328125 0.0421875
0 0.26015625 0.4203125 0.03125 0.053125
0 0.284375 0.5953125 0.015625 0.01875
0 0.28203125 0.55546875 0.025 0.034375
0 0.26328125 0.603125 0.015625 0.01875
0 0.24609375 0.2015625 0.021875 0.0390625
0 0.25703125 0.17265625 0.034375 0.059375
0 0.20390625 0.16015625 0.0234375 0.0234375
0 0.46875 0.14296875 0.021875 0.028125
0 0.5234375 0.27890625 0.03125 0.059375
0 0.53828125 0.26484375 0.0328125 0.0640625
0 0.4765625 0.346875 0.0296875 0.04375
0 0.65390625 0.34453125 0.028125 0.053125
0 0.6640625 0.321875 0.025 0.03125
0 0.884375 0.253125 0.0265625 0.025
0 0.8 0.21640625 0.034375 0.025
0 0.57890625 0.5734375 0.025 0.0234375
0 0.61484375 0.53359375 0.0265625 0.0296875
0 0.60234375 0.55078125 0.015625 0.01875
0 0.58125 0.4890625 0.0140625 0.0140625
0 0.62421875 0.56953125 0.0140625 0.0140625
0 0.8375 0.01171875 0.028125 0.0234375
0 0.8625 0.2640625 0.0203125 0.01875
0 0.903125 0.24765625 0.0234375 0.01875
0 0.90390625 0.225 0.025 0.046875