0 0.496875 0.56171875 0.0109375 0.028125
0 0.603125 0.57890625 0.0109375 0.028125
0 0.59375 0.596875 0.0125 0.0265625
0 0.47265625 0.70078125 0.0125 0.025
0 0.54921875 0.91171875 0.0171875 0.046875
0 0.4859375 0.93203125 0.009375 0.034375
0 0.5953125 0.98046875 0.0125 0.0390625
0 0.43125 0.953125 0.0125 0.034375
0 0.3734375 0.9609375 0.0140625 0.0390625
0 0.396875 0.92265625 0.009375 0.03125
0 0.61484375 0.41640625 0.009375 0.034375
0 0.50625 0.51015625 0.0125 0.03125
0 0.38671875 0.93203125 0.0125 0.0359375
0 0.36953125 0.92109375 0.0125 0.0375
0 0.48203125 0.58828125 0.009375 0.0375
0 0.62109375 0.31640625 0.0109375 0.03125
0 0.60859375 0.496875 0.0125 0.0375
0 0.5203125 0.47890625 0.009375 0.03125
0 0.52890625 0.48203125 0.0125 0.028125
0 0.609375 0.53046875 0.0109375 0.034375
0 0.54375 0.37421875 0.009375 0.034375
0 0.5359375 0.365625 0.009375 0.03125
0 0.55859375 0.31953125 0.009375 0.028125
0 0.4578125 0.73125 0.0109375 0.028125
0 0.4875 0.6171875 0.0125 0.03125
0 0.59765625 0.86875 0.0125 0.034375
0 0.63046875 0.86875 0.01875 0.034375
0 0.309375 0.884375 0.01875 0.03125
0 0.290625 0.87109375 0.009375 0.028125
0 0.29296875 0.8984375 0.0125 0.03125
0 0.3625 0.9125 0.0125 0.0328125
0 0.7203125 0.95 0.015625 0.0296875
0 0.65390625 0.87734375 0.01875 0.03125
0 0.6984375 0.9203125 0.0171875 0.028125
0 0.678125 0.91015625 0.01875 0.03125