0 0.56796875 0.5359375 0.0421875 0.0203125
0 0.41484375 0.84609375 0.04375 0.0265625
0 0.36640625 0.7515625 0.03125 0.0171875
0 0.49140625 0.62890625 0.0390625 0.01875
0 0.496875 0.61328125 0.0421875 0.0234375
0 0.36015625 0.79375 0.03125 0.0203125
0 0.36015625 0.7765625 0.034375 0.0203125
0 0.33203125 0.784375 0.03125 0.0171875
0 0.38828125 0.60546875 0.0359375 0.01875
0 0.38671875 0.58984375 0.0296875 0.0171875
0 0.57265625 0.52734375 0.028125 0.0140625
0 0.39140625 0.80546875 0.0390625 0.01875
0 0.4046875 0.81875 0.0328125 0.0171875
0 0.340625 0.75390625 0.01875 0.0140625