0 0.07890625 0.921875 0.04375 0.0609375
0 0.21796875 0.709375 0.03125 0.040625
0 0.30859375 0.67890625 0.028125 0.0296875
0 0.35859375 0.83203125 0.053125 0.0453125
0 0.38359375 0.9359375 0.0734375 0.053125
0 0.67421875 0.88828125 0.04375 0.0625
0 0.615625 0.8703125 0.0390625 0.05625
0 0.4640625 0.77109375 0.0484375 0.0375
0 0.50078125 0.73671875 0.028125 0.0359375
0 0.6921875 0.66484375 0.028125 0.0328125
0 0.615625 0.759375 0.0375 0.059375
0 0.65703125 0.78671875 0.0296875 0.0484375
0 0.7265625 0.76640625 0.0296875 0.0453125
0 0.6140625 0.96484375 0.0421875 0.0578125
0 0.6453125 0.68203125 0.025 0.0359375
0 0.678125 0.6859375 0.025 0.0359375
0 0.66484375 0.7109375 0.034375 0.046875
0 0.7296875 0.61953125 0.0203125 0.0265625
0 0.7578125 0.63671875 0.025 0.040625
0 0.79921875 0.6875 0.0234375 0.0390625
0 0.82109375 0.68203125 0.0359375 0.05625
0 0.77265625 0.66875 0.025 0.0390625