0 0.96796875 0.11015625 0.0453125 0.115625
0 0.94765625 0.125 0.05 0.1390625
0 0.21484375 0.22578125 0.046875 0.1109375
0 0.271875 0.23828125 0.0453125 0.1140625
0 0.82890625 0.34765625 0.0390625 0.1234375
0 0.85390625 0.33984375 0.04375 0.103125
0 0.7484375 0.53125 0.0296875 0.0609375
0 0.7546875 0.51171875 0.0296875 0.0671875
0 0.20390625 0.1203125 0.0359375 0.1171875
0 0.24609375 0.265625 0.0359375 0.1140625
0 0.2296875 0.246875 0.0453125 0.121875
0 0.22890625 0.10703125 0.0359375 0.096875
0 0.21953125 0.16796875 0.0296875 0.040625
0 0.2484375 0.1125 0.0390625 0.065625
0 0.2359375 0.01015625 0.034375 0.0203125
0 0.73359375 0.5 0.025 0.0828125
0 0.7265625 0.4890625 0.025 0.0796875
0 0.71171875 0.496875 0.0234375 0.071875
0 0.70078125 0.49921875 0.0234375 0.0484375
0 0.7046875 0.4421875 0.03125 0.0828125
0 0.69921875 0.54453125 0.021875 0.0296875
0 0.67734375 0.5 0.0265625 0.0859375
0 0.68515625 0.49921875 0.0265625 0.06875
0 0.675 0.578125 0.0203125 0.0640625
0 0.58515625 0.63828125 0.015625 0.0296875
0 0.6078125 0.66484375 0.0140625 0.0390625
0 0.65390625 0.659375 0.021875 0.0515625
0 0.64921875 0.69609375 0.0109375 0.028125
0 0.6671875 0.63828125 0.0171875 0.0453125
0 0.63984375 0.703125 0.015625 0.0390625
0 0.57109375 0.6828125 0.0125 0.0265625
0 0.56953125 0.72109375 0.009375 0.021875
0 0.5578125 0.72421875 0.015625 0.0234375
0 0.6234375 0.66953125 0.0171875 0.0359375
0 0.625 0.7109375 0.0125 0.0328125
0 0.3171875 0.4671875 0.021875 0.0515625
0 0.38125 0.5265625 0.01875 0.0578125
0 0.378125 0.50546875 0.0203125 0.0609375
0 0.365625 0.4859375 0.0234375 0.0703125
0 0.35390625 0.4796875 0.0234375 0.0671875
0 0.365625 0.5203125 0.0234375 0.0671875
0 0.36875 0.565625 0.01875 0.03125
0 0.35703125 0.55 0.0140625 0.028125
0 0.3984375 0.61484375 0.0171875 0.0484375
0 0.396875 0.59140625 0.015625 0.0484375
0 0.4234375 0.61796875 0.0171875 0.046875
0 0.41875 0.6125 0.015625 0.0421875
0 0.46640625 0.6421875 0.0140625 0.0421875
0 0.47421875 0.640625 0.0140625 0.0296875
0 0.49609375 0.73984375 0.0125 0.0265625
0 0.5953125 0.765625 0.0109375 0.028125
0 0.51875 0.76796875 0.009375 0.025
0 0.434375 0.68203125 0.0140625 0.0421875