0 0.46640625 0.75390625 0.034375 0.0109375
0 0.4703125 0.771875 0.0421875 0.0109375
0 0.4328125 0.5015625 0.0203125 0.009375
0 0.29765625 0.475 0.0234375 0.0125
0 0.35234375 0.496875 0.028125 0.0078125
0 0.346875 0.48359375 0.0328125 0.0078125
0 0.34609375 0.246875 0.015625 0.00625
0 0.3296875 0.2546875 0.0109375 0.00625
0 0.29609375 0.32578125 0.01875 0.00625
0 0.1765625 0.31640625 0.0109375 0.00625
0 0.16484375 0.325 0.0140625 0.00625
0 0.1546875 0.34921875 0.015625 0.009375
0 0.25 0.44921875 0.015625 0.00625
0 0.26171875 0.35546875 0.025 0.0078125
0 0.146875 0.3734375 0.009375 0.00625
0 0.08359375 0.50546875 0.01875 0.00625
0 0.09296875 0.51953125 0.01875 0.00625
0 0.1984375 0.69296875 0.01875 0.00625