0 0.46953125 0.81484375 0.0109375 0.040625
0 0.64609375 0.87109375 0.009375 0.025
0 0.65234375 0.87265625 0.0078125 0.034375
0 0.3796875 0.80078125 0.0109375 0.0421875
0 0.3609375 0.80859375 0.0109375 0.034375
0 0.24140625 0.8921875 0.0109375 0.040625
0 0.25703125 0.92734375 0.0125 0.05
0 0.25390625 0.89765625 0.0109375 0.01875
0 0.184375 0.89375 0.0109375 0.0203125
0 0.17890625 0.91796875 0.0109375 0.034375
0 0.0484375 0.73984375 0.0171875 0.0375
0 0.184375 0.91796875 0.0078125 0.03125
0 0.26484375 0.725 0.0109375 0.021875
0 0.41953125 0.74921875 0.0140625 0.025
0 0.53203125 0.8328125 0.0140625 0.03125
0 0.5421875 0.8421875 0.0109375 0.0359375
0 0.55 0.84375 0.0125 0.0328125
0 0.57578125 0.8453125 0.015625 0.0265625
0 0.590625 0.8375 0.015625 0.028125
0 0.7671875 0.790625 0.015625 0.0421875
0 0.77578125 0.7859375 0.0109375 0.04375
0 0.540625 0.80390625 0.0125 0.0375
0 0.55 0.8046875 0.0109375 0.03125
0 0.63125 0.834375 0.0109375 0.0375
0 0.759375 0.79296875 0.0109375 0.040625
0 0.94765625 0.75703125 0.0140625 0.0421875
0 0.90546875 0.7671875 0.009375 0.040625
0 0.99609375 0.73515625 0.0078125 0.0359375
0 0.99765625 0.7296875 0.0046875 0.04375
0 0.9390625 0.953125 0.015625 0.0484375
0 0.99375 0.9578125 0.0125 0.034375
0 0.490625 0.53671875 0.0109375 0.0203125
0 0.99296875 0.7203125 0.009375 0.0296875
0 0.9828125 0.72265625 0.0109375 0.028125