0 0.11015625 0.3859375 0.028125 0.0375
0 0.0640625 0.30625 0.0390625 0.0703125
0 0.10546875 0.45234375 0.025 0.0203125
0 0.209375 0.07890625 0.034375 0.0421875
0 0.33203125 0.3109375 0.0328125 0.053125
0 0.265625 0.475 0.015625 0.01875
0 0.28359375 0.4390625 0.025 0.034375
0 0.24296875 0.47109375 0.015625 0.01875
0 0.42890625 0.11484375 0.021875 0.0390625
0 0.45390625 0.0953125 0.0359375 0.059375
0 0.4140625 0.0578125 0.0234375 0.0234375
0 0.6515625 0.175 0.021875 0.028125
0 0.63046875 0.3203125 0.0328125 0.059375
0 0.65078125 0.315625 0.034375 0.0640625
0 0.55625 0.35625 0.03125 0.0453125
0 0.7109375 0.4421875 0.0296875 0.053125
0 0.73125 0.428125 0.025 0.0328125
0 0.95625 0.478125 0.0265625 0.025
0 0.9015625 0.4046875 0.0359375 0.0265625
0 0.53125 0.603125 0.0265625 0.0234375
0 0.5828125 0.5859375 0.028125 0.0296875
0 0.56328125 0.5953125 0.015625 0.01875
0 0.57578125 0.53046875 0.015625 0.0140625
0 0.57265625 0.62265625 0.015625 0.0140625
0 0.93203125 0.4765625 0.0203125 0.0203125
0 0.97578125 0.4828125 0.0234375 0.01875
0 0.98671875 0.4640625 0.0265625 0.046875
0 0.78984375 0.07265625 0.0265625 0.0234375