0 0.2265625 0.74375 0.02734375 0.0578125
0 0.1625 0.675 0.02109375 0.04375
0 0.4375 0.88203125 0.03671875 0.08515625
0 0.5734375 0.60546875 0.01015625 0.05625
0 0.7921875 0.784375 0.02109375 0.05546875
0 0.73203125 0.70078125 0.015625 0.03515625
0 0.88828125 0.66015625 0.015625 0.0390625
0 0.85 0.75 0.01953125 0.03984375
0 0.96171875 0.690625 0.02109375 0.05
0 0.88671875 0.871875 0.03125 0.08359375
0 0.8546875 0.79453125 0.0296875 0.05234375
0 0.84296875 0.85078125 0.04453125 0.07578125
0 0.746875 0.7078125 0.0109375 0.0484375
0 0.59296875 0.98203125 0.0953125 0.0359375