0 0.68828125 0.00625 0.0234375 0.0125
0 0.71171875 0.02578125 0.021875 0.021875
0 0.78125 0.065625 0.028125 0.0359375
0 0.7546875 0.121875 0.0265625 0.0296875
0 0.74296875 0.640625 0.0171875 0.0125
0 0.7078125 0.20859375 0.025 0.0234375
0 0.6421875 0.23828125 0.01875 0.0203125
0 0.83515625 0.2234375 0.034375 0.0203125
0 0.80546875 0.19765625 0.025 0.0203125
0 0.82734375 0.26484375 0.028125 0.0328125
0 0.60859375 0.484375 0.028125 0.0140625
0 0.6484375 0.27578125 0.0234375 0.015625
0 0.62890625 0.36640625 0.0265625 0.0171875
0 0.75234375 0.28515625 0.0203125 0.025
0 0.6859375 0.321875 0.0265625 0.0265625
0 0.6546875 0.3640625 0.025 0.0171875
0 0.653125 0.39296875 0.01875 0.01875
0 0.65078125 0.43671875 0.0265625 0.0140625
0 0.67578125 0.3078125 0.025 0.0171875
0 0.703125 0.2421875 0.0203125 0.0265625
0 0.9109375 0.34609375 0.028125 0.0359375
0 0.80859375 0.31484375 0.0265625 0.0296875
0 0.784375 0.34609375 0.0328125 0.0203125
0 0.81796875 0.34921875 0.0203125 0.025
0 0.79921875 0.75234375 0.0265625 0.01875
0 0.71171875 0.46484375 0.028125 0.021875
0 0.703125 0.48984375 0.0265625 0.01875
0 0.67734375 0.490625 0.01875 0.0265625
0 0.81484375 0.72109375 0.028125 0.0203125
0 0.85078125 0.74375 0.0265625 0.0265625
0 0.82421875 0.678125 0.025 0.04375
0 0.76875 0.73984375 0.0234375 0.0234375
0 0.85390625 0.8609375 0.021875 0.021875
0 0.85546875 0.875 0.025 0.021875
0 0.69375 0.51015625 0.0125 0.0234375
0 0.71171875 0.803125 0.0203125 0.01875
0 0.7234375 0.7296875 0.015625 0.015625
0 0.6875 0.27578125 0.0171875 0.0265625
0 0.6046875 0.30859375 0.0171875 0.021875
0 0.5984375 0.34375 0.015625 0.01875
0 0.68046875 0.3859375 0.01875 0.01875
0 0.69140625 0.53046875 0.021875 0.0140625
0 0.71953125 0.53984375 0.01875 0.01875
0 0.65546875 0.54140625 0.0171875 0.009375
0 0.66640625 0.5046875 0.0171875 0.021875
0 0.65546875 0.515625 0.0234375 0.0140625
0 0.66484375 0.5171875 0.0203125 0.0109375
0 0.665625 0.528125 0.0203125 0.0140625
0 0.64296875 0.5203125 0.0140625 0.0125
0 0.66796875 0.57578125 0.009375 0.0171875
0 0.6796875 0.59375 0.0109375 0.0109375
0 0.72734375 0.75859375 0.0171875 0.009375
0 0.81640625 0.92421875 0.0234375 0.0265625
0 0.76328125 0.91328125 0.0140625 0.0125
0 0.75 0.9296875 0.0140625 0.0140625
0 0.9453125 0.8984375 0.0171875 0.0140625
0 0.6890625 0.81875 0.021875 0.0109375
0 0.6765625 0.58046875 0.0125 0.0125
0 0.65390625 0.5890625 0.0140625 0.0109375
0 0.64609375 0.58359375 0.0171875 0.0125
0 0.8671875 0.0078125 0.028125 0.015625
0 0.87578125 0.0234375 0.04375 0.028125
0 0.790625 0.31953125 0.015625 0.01875