0 0.225 0.921875 0.22578125 0.11953125
0 0.09296875 0.78046875 0.1859375 0.10703125
0 0.04453125 0.5234375 0.0890625 0.15
0 0.18359375 0.6390625 0.20703125 0.08125
0 0.26953125 0.70703125 0.2734375 0.09921875
0 0.4046875 0.90546875 0.13671875 0.12734375
0 0.43984375 0.8328125 0.16953125 0.12890625
0 0.5140625 0.62265625 0.2015625 0.11953125
0 0.56875 0.83125 0.10625 0.15625
0 0.65390625 0.8046875 0.15546875 0.184375
0 0.69375 0.57734375 0.1546875 0.121875
0 0.8578125 0.5484375 0.18125 0.12265625
0 0.8640625 0.67890625 0.27109375 0.1140625
0 0.91015625 0.7734375 0.1796875 0.103125
0 0.8078125 0.81953125 0.17734375 0.0921875
0 0.8109375 0.89375 0.153125 0.1234375
0 0.92421875 0.88203125 0.1515625 0.109375
0 0.42421875 0.1671875 0.17421875 0.14140625
0 0.20859375 0.29140625 0.309375 0.12421875
0 0.64296875 0.27734375 0.1484375 0.14765625
0 0.47421875 0.36484375 0.1765625 0.14140625
0 0.24921875 0.42109375 0.2125 0.09609375
0 0.4078125 0.4859375 0.27734375 0.15
0 0.74921875 0.0578125 0.1515625 0.115625
0 0.6921875 0.40234375 0.1921875 0.14296875
0 0.7890625 0.33125 0.1375 0.103125
0 0.95859375 0.49375 0.08203125 0.08515625
0 0.91953125 0.38359375 0.1609375 0.10703125