0 0.57109375 0.52265625 0.0515625 0.0171875
0 0.5109375 0.628125 0.04375 0.0171875
0 0.51953125 0.6140625 0.0390625 0.0203125
0 0.5796875 0.51640625 0.0265625 0.01875
0 0.4625 0.83046875 0.0375 0.015625
0 0.4796875 0.846875 0.0421875 0.0203125
0 0.45703125 0.8203125 0.0453125 0.0171875
0 0.428125 0.79453125 0.0390625 0.015625
0 0.425 0.80859375 0.034375 0.0140625
0 0.428125 0.77734375 0.0390625 0.015625
0 0.425 0.81328125 0.0328125 0.0125
0 0.396875 0.81328125 0.025 0.0171875
0 0.42734375 0.60625 0.0328125 0.015625
0 0.4234375 0.6234375 0.0296875 0.0140625