0 0.56640625 0.90859375 0.059375 0.01953125
0 0.44921875 0.9546875 0.01875 0.0171875
0 0.49140625 0.859375 0.01328125 0.025
0 0.4359375 0.8375 0.01484375 0.01640625
0 0.81640625 0.8328125 0.03828125 0.02421875
0 0.63671875 0.65625 0.0484375 0.02109375
0 0.459375 0.67578125 0.015625 0.01640625
0 0.49609375 0.66953125 0.03046875 0.015625
0 0.46875 0.69921875 0.0140625 0.00703125
0 0.8421875 0.6171875 0.03125 0.01875
0 0.875 0.60234375 0.05 0.02109375
0 0.884375 0.64296875 0.02421875 0.01796875
0 0.50234375 0.36484375 0.0140625 0.01640625
0 0.70546875 0.3796875 0.059375 0.0203125
0 0.7203125 0.36171875 0.06171875 0.021875
0 0.6109375 0.2734375 0.0484375 0.01796875
0 0.634375 0.253125 0.02734375 0.0140625
0 0.6984375 0.10390625 0.01640625 0.03359375
0 0.64765625 0.0296875 0.0171875 0.0203125
0 0.6390625 0.05703125 0.01875 0.0171875
0 0.628125 0.0140625 0.01640625 0.028125
0 0.6671875 0.0078125 0.04375 0.015625
0 0.65390625 0.43984375 0.0421875 0.01953125
0 0.44140625 0.34140625 0.02265625 0.01953125
0 0.4078125 0.38359375 0.0171875 0.0234375
0 0.4109375 0.34609375 0.01171875 0.01875
0 0.42890625 0.36171875 0.01328125 0.01640625
0 0.8984375 0.01796875 0.0265625 0.021875
0 0.878125 0.03515625 0.03984375 0.02109375
0 0.97890625 0.05859375 0.01796875 0.02109375
0 0.84140625 0.39453125 0.0171875 0.02265625
0 0.98984375 0.29453125 0.0203125 0.028125
0 0.99140625 0.2234375 0.0171875 0.01328125