0 0.60078125 0.54609375 0.146875 0.1046875
0 0.58515625 0.9234375 0.190625 0.153125
0 0.3921875 0.9234375 0.1609375 0.1421875
0 0.746875 0.846875 0.13125 0.1546875
0 0.859375 0.7890625 0.13125 0.1171875
0 0.9484375 0.73515625 0.103125 0.1796875
0 0.659375 0.64921875 0.175 0.10625
0 0.4203125 0.79765625 0.2046875 0.121875
0 0.88671875 0.15 0.15625 0.1140625
0 0.13203125 0.6609375 0.153125 0.0921875
0 0.82265625 0.5140625 0.2078125 0.146875
0 0.65546875 0.41171875 0.153125 0.0921875
0 0.54140625 0.28125 0.1953125 0.1375
0 0.1125 0.48359375 0.1734375 0.125
0 0.77109375 0.27109375 0.1625 0.109375
0 0.29765625 0.22890625 0.14375 0.0984375
0 0.53046875 0.1484375 0.153125 0.1171875
0 0.425 0.60625 0.1890625 0.125
0 0.27890625 0.71171875 0.1890625 0.140625
0 0.0765625 0.7453125 0.1375 0.1015625
0 0.23671875 0.3921875 0.11875 0.0984375
0 0.07421875 0.33515625 0.1234375 0.1171875