0 0.5296875 0.61953125 0.0140625 0.03203125
0 0.146875 0.94140625 0.02421875 0.06640625
0 0.18515625 0.8125 0.01796875 0.0390625
0 0.021875 0.81875 0.04296875 0.02890625
0 0.325 0.6578125 0.01328125 0.0265625
0 0.47890625 0.71875 0.01484375 0.03203125
0 0.2515625 0.684375 0.0171875 0.01953125
0 0.2234375 0.8859375 0.03828125 0.02890625
0 0.353125 0.871875 0.0390625 0.025
0 0.3625 0.7703125 0.021875 0.028125
0 0.43125 0.74140625 0.03984375 0.025
0 0.37890625 0.81875 0.0234375 0.02890625
0 0.6046875 0.66328125 0.00859375 0.0265625
0 0.5640625 0.73203125 0.015625 0.02265625
0 0.6234375 0.68984375 0.0140625 0.02578125
0 0.6078125 0.70859375 0.015625 0.0265625
0 0.553125 0.81171875 0.02109375 0.03046875
0 0.578125 0.75234375 0.01796875 0.02734375
0 0.5953125 0.765625 0.01953125 0.02578125
0 0.6015625 0.68828125 0.0109375 0.0171875
0 0.59140625 0.81953125 0.0125 0.02890625
0 0.65 0.753125 0.0125 0.0296875
0 0.68515625 0.64296875 0.0109375 0.021875
0 0.703125 0.6578125 0.009375 0.0203125
0 0.73203125 0.6921875 0.01328125 0.0234375
0 0.9 0.8296875 0.01640625 0.03125
0 0.70625 0.8328125 0.05234375 0.0296875
0 0.54140625 0.8625 0.01875 0.034375
0 0.3671875 0.696875 0.02578125 0.021875
0 0.70546875 0.68046875 0.01171875 0.02734375
0 0.71875 0.6984375 0.01015625 0.015625
0 0.99140625 0.71484375 0.01171875 0.015625
0 0.63828125 0.68203125 0.01171875 0.0125