0 0.940625 0.38515625 0.11875 0.11484375
0 0.89375 0.22734375 0.2125 0.10390625
0 0.81484375 0.478125 0.14375 0.13046875
0 0.946875 0.47890625 0.10625 0.0984375
0 0.921875 0.6046875 0.15625 0.07578125
0 0.7140625 0.6125 0.1828125 0.1078125
0 0.48203125 0.68359375 0.23828125 0.12578125
0 0.45 0.55390625 0.16640625 0.0953125
0 0.08359375 0.7234375 0.1671875 0.11328125
0 0.21015625 0.73515625 0.21875 0.08984375
0 0.1765625 0.62265625 0.15234375 0.090625
0 0.12265625 0.94609375 0.2453125 0.0984375
0 0.08984375 0.85078125 0.17890625 0.09921875
0 0.11015625 0.459375 0.2203125 0.1125
0 0.25 0.53125 0.1921875 0.07578125
0 0.03828125 0.2453125 0.07578125 0.10703125
0 0.1578125 0.334375 0.315625 0.10234375
0 0.2203125 0.37890625 0.1859375 0.08671875
0 0.29921875 0.45078125 0.14921875 0.09375
0 0.28359375 0.18359375 0.15234375 0.13984375
0 0.53125 0.365625 0.209375 0.1390625
0 0.5375 0.26171875 0.23125 0.12421875
0 0.42890625 0.96640625 0.1609375 0.0671875
0 0.52265625 0.865625 0.2546875 0.14140625
0 0.7234375 0.7625 0.1640625 0.103125
0 0.64921875 0.825 0.29453125 0.07890625
0 0.921875 0.83046875 0.15625 0.11640625