0 0.50546875 0.5125 0.0453125 0.021875
0 0.41796875 0.52734375 0.034375 0.0140625
0 0.32109375 0.5125 0.034375 0.01875
0 0.32578125 0.52265625 0.0234375 0.0109375
0 0.35 0.23828125 0.025 0.0140625
0 0.3265625 0.3125 0.0234375 0.015625
0 0.178125 0.31640625 0.021875 0.0109375
0 0.17578125 0.334375 0.0171875 0.009375
0 0.15234375 0.4234375 0.025 0.0125
0 0.153125 0.428125 0.0171875 0.009375
0 0.309375 0.48515625 0.025 0.0125
0 0.2921875 0.365625 0.0234375 0.0109375
0 0.2953125 0.37421875 0.0171875 0.009375
0 0.29609375 0.3921875 0.015625 0.009375
0 0.29453125 0.3875 0.0171875 0.009375
0 0.32421875 0.80390625 0.025 0.0125
0 0.47265625 0.4953125 0.0171875 0.009375
0 0.6484375 0.4703125 0.0328125 0.021875
0 0.62109375 0.52421875 0.0484375 0.021875
0 0.8828125 0.83671875 0.0578125 0.025
0 0.89375 0.86875 0.0546875 0.0265625
0 0.125 0.6140625 0.015625 0.009375
0 0.1203125 0.61953125 0.0203125 0.0109375
0 0.14140625 0.50859375 0.0171875 0.009375
0 0.1453125 0.48046875 0.0140625 0.009375
0 0.14765625 0.44296875 0.0171875 0.009375
0 0.125 0.6375 0.0203125 0.0109375
0 0.1265625 0.64140625 0.0203125 0.0109375
0 0.3375 0.653125 0.0234375 0.0109375