0 0.1234375 0.8359375 0.0375 0.11328125
0 0.15703125 0.82578125 0.0328125 0.1578125
0 0.23046875 0.5765625 0.028125 0.09296875
0 0.2375 0.54453125 0.0234375 0.0671875
0 0.2609375 0.5796875 0.0125 0.09609375
0 0.32578125 0.58203125 0.02265625 0.08515625
0 0.28359375 0.528125 0.01640625 0.04453125
0 0.32890625 0.54609375 0.0171875 0.04765625
0 0.28359375 0.5828125 0.015625 0.07734375
0 0.29609375 0.6 0.01875 0.08828125
0 0.7609375 0.5640625 0.0171875 0.06484375
0 0.74296875 0.56484375 0.02265625 0.06484375
0 0.71953125 0.52890625 0.015625 0.07109375
0 0.71328125 0.52265625 0.0140625 0.09296875
0 0.65859375 0.47890625 0.0171875 0.0796875
0 0.671875 0.44765625 0.0140625 0.0328125
0 0.6734375 0.51875 0.015625 0.0765625
0 0.68203125 0.4921875 0.01484375 0.0484375
0 0.68984375 0.46328125 0.009375 0.03984375
0 0.69296875 0.528125 0.01171875 0.06171875
0 0.53515625 0.371875 0.0125 0.0515625
0 0.31796875 0.47109375 0.0140625 0.065625
0 0.52734375 0.38203125 0.01015625 0.034375
0 0.60390625 0.390625 0.0140625 0.05234375
0 0.5890625 0.353125 0.01484375 0.04453125
0 0.32890625 0.3390625 0.01171875 0.05078125
0 0.38203125 0.3453125 0.0109375 0.04609375
0 0.87734375 0.8328125 0.03515625 0.134375
0 0.91875 0.83203125 0.0328125 0.1359375
0 0.96640625 0.95625 0.0375 0.0875
0 0.9796875 0.8671875 0.03515625 0.09609375
0 0.94921875 0.8671875 0.034375 0.13203125
0 0.95078125 0.80078125 0.02578125 0.0359375