0 0.43125 0.02265625 0.08125 0.0453125
0 0.4078125 0.0328125 0.078125 0.0546875
0 0.47578125 0.18984375 0.065625 0.0453125
0 0.45234375 0.20859375 0.05 0.0375
0 0.30234375 0.3796875 0.0328125 0.040625
0 0.57578125 0.6765625 0.0203125 0.0234375
0 0.6828125 0.68984375 0.0234375 0.0203125
0 0.7703125 0.97734375 0.028125 0.028125
0 0.7234375 0.98125 0.0234375 0.0234375
0 0.53203125 0.990625 0.0234375 0.01875
0 0.49140625 0.9875 0.0203125 0.025
0 0.44609375 0.7453125 0.01875 0.0234375
0 0.44609375 0.75703125 0.021875 0.025
0 0.4625 0.85234375 0.021875 0.025
0 0.4796875 0.84765625 0.0296875 0.034375
0 0.5625 0.7578125 0.0328125 0.0234375
0 0.3046875 0.91953125 0.034375 0.0296875
0 0.22421875 0.8875 0.0375 0.034375
0 0.27734375 0.80546875 0.0296875 0.034375
0 0.009375 0.64296875 0.01875 0.0390625
0 0.028125 0.65390625 0.0375 0.0390625
0 0.290625 0.5125 0.0578125 0.0359375
0 0.18125 0.42578125 0.046875 0.040625
0 0.32734375 0.48203125 0.0296875 0.0265625
0 0.3484375 0.46015625 0.0265625 0.0234375
0 0.13125 0.51328125 0.04375 0.0359375
0 0.0734375 0.63984375 0.0296875 0.034375
0 0.16875 0.515625 0.0359375 0.028125
0 0.29375 0.86796875 0.0421875 0.0296875
0 0.0546875 0.39765625 0.0515625 0.0390625
0 0.0203125 0.46796875 0.040625 0.0390625
0 0.01015625 0.47890625 0.0203125 0.0234375
0 0.0140625 0.5765625 0.028125 0.03125
0 0.01328125 0.71484375 0.0265625 0.0296875
0 0.29296875 0.740625 0.053125 0.03125
0 0.29609375 0.66484375 0.0671875 0.0375
0 0.3125 0.6828125 0.0265625 0.021875
0 0.29609375 0.68828125 0.059375 0.0390625