0 0.08984375 0.8609375 0.02578125 0.0515625
0 0.21953125 0.68515625 0.01484375 0.0296875
0 0.30234375 0.66015625 0.01328125 0.02890625
0 0.35703125 0.890625 0.06640625 0.04140625
0 0.628125 0.88046875 0.02265625 0.0546875
0 0.57734375 0.85703125 0.02265625 0.04375
0 0.4421875 0.7625 0.046875 0.034375
0 0.48203125 0.73359375 0.0171875 0.03984375
0 0.62421875 0.69765625 0.015625 0.03515625
0 0.6875 0.78046875 0.0171875 0.0390625
0 0.5640625 0.946875 0.02265625 0.05546875
0 0.53828125 0.6109375 0.01015625 0.03125
0 0.62265625 0.6671875 0.009375 0.02734375
0 0.62578125 0.790625 0.025 0.03828125
0 0.71171875 0.63828125 0.0109375 0.021875
0 0.64921875 0.7 0.01484375 0.0296875
0 0.77890625 0.703125 0.01796875 0.03359375
0 0.58359375 0.7578125 0.02265625 0.0390625
0 0.6359375 0.721875 0.01640625 0.03359375
0 0.3359375 0.80625 0.025 0.040625
0 0.109375 0.984375 0.0328125 0.03125
0 0.33515625 0.9796875 0.034375 0.03984375
0 0.74296875 0.684375 0.01484375 0.02734375
0 0.35234375 0.7 0.03046875 0.02578125
0 0.596875 0.784375 0.028125 0.0359375
0 0.6671875 0.68671875 0.0109375 0.02109375
0 0.76328125 0.70546875 0.01171875 0.0234375
0 0.73203125 0.65546875 0.01171875 0.02109375
0 0.803125 0.90703125 0.05 0.0328125