0 0.57109375 0.52421875 0.04375 0.0140625
0 0.45234375 0.82578125 0.0375 0.0125
0 0.46953125 0.853125 0.0390625 0.01875
0 0.44140625 0.8171875 0.0390625 0.0140625
0 0.40625 0.81328125 0.0296875 0.0140625
0 0.40859375 0.79765625 0.0328125 0.0125
0 0.4015625 0.7703125 0.03125 0.0109375
0 0.51484375 0.62734375 0.0359375 0.015625
0 0.5140625 0.6125 0.0375 0.0125
0 0.57578125 0.5140625 0.025 0.0109375
0 0.40078125 0.6265625 0.0234375 0.0109375
0 0.3984375 0.61640625 0.025 0.0125
0 0.39921875 0.60390625 0.0265625 0.0125
0 0.38046875 0.81328125 0.025 0.0125
0 0.37734375 0.80859375 0.0265625 0.0125