0 0.78984375 0.5609375 0.04375 0.0234375
0 0.6828125 0.82578125 0.04375 0.0234375
0 0.67421875 0.8328125 0.0453125 0.025
0 0.671875 0.84375 0.0453125 0.0265625
0 0.58828125 0.99375 0.0515625 0.0125
0 0.8359375 0.97890625 0.0453125 0.03125
0 0.965625 0.37734375 0.059375 0.0359375
0 0.9203125 0.35625 0.0359375 0.0234375
0 0.95546875 0.3765625 0.0484375 0.0296875
0 0.965625 0.29765625 0.0359375 0.0234375
0 0.97421875 0.29609375 0.0296875 0.0203125
0 0.8015625 0.45703125 0.0421875 0.025
0 0.8125 0.44140625 0.0359375 0.0234375
0 0.76796875 0.33203125 0.0234375 0.0140625
0 0.7421875 0.48671875 0.03125 0.0234375
0 0.7484375 0.8171875 0.03125 0.021875
0 0.74765625 0.825 0.0484375 0.0265625
0 0.609375 0.95859375 0.0421875 0.025
0 0.83515625 0.9921875 0.0328125 0.015625
0 0.83203125 0.12421875 0.0359375 0.0234375
0 0.77265625 0.6765625 0.040625 0.0296875
0 0.78046875 0.665625 0.0375 0.0265625
0 0.75234375 0.61796875 0.0328125 0.01875
0 0.753125 0.628125 0.03125 0.021875
0 0.78828125 0.62109375 0.034375 0.021875
0 0.784375 0.6296875 0.0328125 0.01875
0 0.79296875 0.6421875 0.0390625 0.025
0 0.75546875 0.72578125 0.0359375 0.0234375