0 0.9703125 0.559375 0.059375 0.071875
0 0.70625 0.14453125 0.1703125 0.0875
0 0.61796875 0.17421875 0.08125 0.0546875
0 0.73046875 0.19140625 0.18125 0.0734375
0 0.65 0.43125 0.0984375 0.0625
0 0.62890625 0.27265625 0.0828125 0.053125
0 0.7984375 0.21328125 0.1828125 0.078125
0 0.909375 0.2484375 0.103125 0.06875
0 0.68203125 0.2515625 0.075 0.0484375
0 0.7125 0.3 0.090625 0.053125
0 0.6796875 0.31953125 0.0609375 0.0390625
0 0.7203125 0.87421875 0.125 0.065625
0 0.725 0.9375 0.125 0.0625
0 0.76015625 0.94375 0.1265625 0.0484375
0 0.5140625 0.33046875 0.1109375 0.046875
0 0.615625 0.81796875 0.1125 0.0515625
0 0.621875 0.87890625 0.065625 0.034375
0 0.5390625 0.81171875 0.0375 0.025
0 0.58515625 0.80859375 0.0921875 0.04375
0 0.66015625 0.85234375 0.1125 0.053125
0 0.40703125 0.359375 0.0890625 0.0421875
0 0.44140625 0.64296875 0.078125 0.0390625
0 0.45625 0.7296875 0.075 0.0359375
0 0.50859375 0.77109375 0.096875 0.040625
0 0.4703125 0.753125 0.0875 0.0421875