0 0.14375 0.65078125 0.1328125 0.23125
0 0.83203125 0.19609375 0.1375 0.178125
0 0.86015625 0.34375 0.134375 0.1515625
0 0.875 0.48125 0.13125 0.1484375
0 0.840625 0.74296875 0.1234375 0.1609375
0 0.72109375 0.9046875 0.1546875 0.190625
0 0.5640625 0.46015625 0.115625 0.1890625
0 0.5609375 0.925 0.115625 0.15
0 0.63125 0.5359375 0.109375 0.175
0 0.79921875 0.078125 0.115625 0.1015625
0 0.64296875 0.07734375 0.1 0.1359375
0 0.5875 0.25390625 0.1390625 0.215625
0 0.671875 0.69921875 0.1375 0.19375
0 0.2984375 0.08359375 0.096875 0.1671875
0 0.465625 0.35 0.1109375 0.178125
0 0.36640625 0.246875 0.0921875 0.1484375
0 0.33671875 0.44765625 0.125 0.275
0 0.23671875 0.19453125 0.1125 0.1703125
0 0.20234375 0.39765625 0.1625 0.24375
0 0.20078125 0.82421875 0.1265625 0.2296875
0 0.42109375 0.51796875 0.1140625 0.1640625
0 0.403125 0.690625 0.1453125 0.1921875
0 0.49453125 0.79765625 0.1203125 0.1671875
0 0.38515625 0.8515625 0.09375 0.146875
0 0.30234375 0.7984375 0.1046875 0.165625