0 0.89140625 0.66796875 0.034375 0.03125
0 0.7921875 0.69375 0.0234375 0.0234375
0 0.909375 0.60625 0.03125 0.04375
0 0.8609375 0.64921875 0.0296875 0.0359375
0 0.70703125 0.63125 0.021875 0.021875
0 0.67578125 0.5984375 0.021875 0.01875
0 0.69609375 0.56015625 0.03125 0.0203125
0 0.77109375 0.63671875 0.0296875 0.021875
0 0.82109375 0.61640625 0.0265625 0.025
0 0.73359375 0.55078125 0.0328125 0.028125
0 0.7515625 0.51328125 0.03125 0.021875
0 0.7046875 0.525 0.03125 0.028125
0 0.68359375 0.47734375 0.028125 0.0203125
0 0.71875 0.39765625 0.034375 0.0265625
0 0.97265625 0.49609375 0.0390625 0.0453125
0 0.91328125 0.48515625 0.0421875 0.034375
0 0.68203125 0.41328125 0.028125 0.028125
0 0.7875 0.57890625 0.0359375 0.0375
0 0.65 0.3953125 0.034375 0.0234375
0 0.675 0.36328125 0.028125 0.01875
0 0.66484375 0.21796875 0.025 0.0171875
0 0.6484375 0.3796875 0.0265625 0.01875
0 0.59609375 0.15234375 0.025 0.0171875
0 0.58125 0.11484375 0.028125 0.0203125
0 0.7328125 0.1140625 0.0375 0.0375
0 0.9515625 0.45859375 0.0375 0.040625
0 0.74296875 0.01328125 0.0421875 0.0265625
0 0.6421875 0.084375 0.0359375 0.0375
0 0.6765625 0.03828125 0.028125 0.0375