0 0.53828125 0.95625 0.2609375 0.0875
0 0.4328125 0.9296875 0.12109375 0.08984375
0 0.54296875 0.8609375 0.15234375 0.103125
0 0.43125 0.78359375 0.2328125 0.1171875
0 0.3109375 0.725 0.225 0.13203125
0 0.24765625 0.85234375 0.159375 0.14921875
0 0.11640625 0.8828125 0.14921875 0.18515625
0 0.75234375 0.95234375 0.14453125 0.0953125
0 0.7640625 0.7765625 0.1921875 0.13359375
0 0.7375 0.68515625 0.16484375 0.12421875
0 0.79375 0.57578125 0.20859375 0.1046875
0 0.9484375 0.74296875 0.103125 0.13359375
0 0.91015625 0.67578125 0.1796875 0.0859375
0 0.89765625 0.79765625 0.146875 0.1375
0 0.0734375 0.4171875 0.146875 0.09375
0 0.12265625 0.5359375 0.2453125 0.10703125
0 0.26015625 0.4234375 0.1734375 0.1125
0 0.4796875 0.43359375 0.14375 0.09609375
0 0.37734375 0.5625 0.16328125 0.1734375
0 0.246875 0.29921875 0.20078125 0.11328125
0 0.453125 0.28046875 0.18046875 0.11640625
0 0.6609375 0.23125 0.1578125 0.12578125
0 0.76796875 0.10859375 0.15546875 0.14375
0 0.58125 0.51328125 0.1515625 0.10390625
0 0.74375 0.46640625 0.178125 0.09765625
0 0.87578125 0.36796875 0.2484375 0.09140625