0 0.48515625 0.5734375 0.01171875 0.04921875
0 0.3734375 0.52421875 0.01171875 0.0421875
0 0.38828125 0.53125 0.0171875 0.03671875
0 0.4921875 0.58125 0.01484375 0.025
0 0.1671875 0.49765625 0.01171875 0.0359375
0 0.153125 0.51640625 0.01484375 0.04140625
0 0.1765625 0.490625 0.0125 0.04296875
0 0.19921875 0.459375 0.01171875 0.03828125
0 0.18515625 0.4578125 0.0109375 0.0328125
0 0.21640625 0.4578125 0.0125 0.0375
0 0.18046875 0.4578125 0.009375 0.03203125
0 0.17734375 0.43046875 0.0140625 0.0234375
0 0.38671875 0.4390625 0.01328125 0.03203125
0 0.36953125 0.43671875 0.0109375 0.028125