0 0.7390625 0.44140625 0.00625 0.028125
0 0.6453125 0.5 0.00546875 0.02734375
0 0.75546875 0.44453125 0.009375 0.0328125
0 0.53515625 0.37421875 0.01015625 0.02890625
0 0.49765625 0.3328125 0.00625 0.02265625
0 0.4890625 0.3265625 0.00625 0.028125
0 0.50625 0.40625 0.0140625 0.01953125
0 0.4796875 0.28125 0.00625 0.028125
0 0.4578125 0.23671875 0.00625 0.0203125
0 0.27421875 0.31015625 0.00625 0.01484375
0 0.25625 0.328125 0.00625 0.01484375
0 0.3375 0.1609375 0.00546875 0.01953125
0 0.35078125 0.1546875 0.00703125 0.015625
0 0.3640625 0.1453125 0.00625 0.015625
0 0.37109375 0.14765625 0.01015625 0.01015625
0 0.453125 0.11171875 0.00625 0.0109375
0 0.46640625 0.10234375 0.00625 0.01015625
0 0.5203125 0.08046875 0.00546875 0.0109375
0 0.53359375 0.08671875 0.00546875 0.01484375
0 0.69375 0.19375 0.00546875 0.02421875