0 0.58203125 0.58984375 0.0140625 0.03125
0 0.21875 0.6890625 0.015625 0.0265625
0 0.0578125 0.75546875 0.028125 0.040625
0 0.28828125 0.74921875 0.0421875 0.046875
0 0.4921875 0.803125 0.034375 0.0640625
0 0.715625 0.65 0.01875 0.034375
0 0.853125 0.61328125 0.015625 0.0359375
0 0.91796875 0.6359375 0.0171875 0.0484375
0 0.99375 0.68984375 0.0125 0.0578125
0 0.55234375 0.86953125 0.0953125 0.0625
0 0.7234375 0.65859375 0.0125 0.0328125
0 0.75859375 0.71953125 0.021875 0.0578125
0 0.815625 0.6828125 0.0140625 0.0390625
0 0.81015625 0.71171875 0.0234375 0.0453125
0 0.8 0.75078125 0.021875 0.0390625
0 0.821875 0.7609375 0.028125 0.04375
0 0.74921875 0.8796875 0.040625 0.071875
0 0.80078125 0.94609375 0.071875 0.05625