0 0.1375 0.97890625 0.02578125 0.04140625
0 0.24296875 0.77734375 0.0140625 0.02890625
0 0.22734375 0.86171875 0.01953125 0.03984375
0 0.13203125 0.784375 0.025 0.0234375
0 0.15703125 0.90390625 0.0140625 0.04375
0 0.28125 0.68046875 0.015625 0.01796875
0 0.28671875 0.82890625 0.01953125 0.01953125
0 0.3484375 0.8203125 0.0140625 0.02421875
0 0.3796875 0.75078125 0.0140625 0.0265625
0 0.47421875 0.709375 0.01171875 0.02578125
0 0.41875 0.721875 0.01484375 0.02421875
0 0.40078125 0.78671875 0.01328125 0.02109375
0 0.3765625 0.69375 0.01640625 0.01796875
0 0.52578125 0.81796875 0.01328125 0.02734375
0 0.56875 0.796875 0.0125 0.03046875
0 0.54375 0.7859375 0.015625 0.02421875
0 0.534375 0.82890625 0.009375 0.025
0 0.5828125 0.75 0.015625 0.0203125
0 0.54921875 0.72578125 0.021875 0.0171875
0 0.5625 0.74140625 0.0171875 0.01796875
0 0.584375 0.66328125 0.0125 0.0203125
0 0.3453125 0.66171875 0.01015625 0.015625
0 0.5828125 0.68125 0.0109375 0.02109375
0 0.58671875 0.70390625 0.01171875 0.02734375
0 0.60078125 0.69296875 0.0109375 0.025
0 0.621875 0.73671875 0.0125 0.0296875
0 0.8109375 0.78671875 0.0109375 0.0296875
0 0.6984375 0.6875 0.01015625 0.02734375
0 0.68515625 0.6921875 0.00859375 0.02578125
0 0.65859375 0.79921875 0.0296875 0.0234375
0 0.61796875 0.67578125 0.01171875 0.015625
0 0.95390625 0.6984375 0.01015625 0.02734375
0 0.909375 0.709375 0.00859375 0.02578125