0 0.5265625 0.6109375 0.04375 0.009375
0 0.503125 0.853125 0.0375 0.021875
0 0.48828125 0.8296875 0.0390625 0.015625
0 0.471875 0.8234375 0.0359375 0.009375
0 0.43046875 0.778125 0.0328125 0.009375
0 0.43828125 0.81875 0.028125 0.009375
0 0.41640625 0.634375 0.034375 0.0078125
0 0.4125 0.6125 0.01875 0.0078125
0 0.41015625 0.621875 0.021875 0.00625
0 0.425 0.7953125 0.0234375 0.00625
0 0.43046875 0.80625 0.025 0.009375
0 0.4078125 0.81796875 0.028125 0.009375
0 0.52421875 0.628125 0.0375 0.015625
0 0.5734375 0.5171875 0.04375 0.00625
0 0.5765625 0.51171875 0.028125 0.0078125