0 0.1359375 0.59375 0.19921875 0.1140625
0 0.15625 0.525 0.1578125 0.10078125
0 0.04140625 0.34921875 0.0828125 0.0921875
0 0.1578125 0.3953125 0.18828125 0.1
0 0.3453125 0.39921875 0.17421875 0.115625
0 0.384375 0.34765625 0.1734375 0.0859375
0 0.32890625 0.4796875 0.2140625 0.08125
0 0.40625 0.55546875 0.14921875 0.09921875
0 0.2921875 0.621875 0.15390625 0.13671875
0 0.06015625 0.0421875 0.1203125 0.084375
0 0.01953125 0.21484375 0.0390625 0.1078125
0 0.18125 0.19296875 0.1984375 0.13125
0 0.2703125 0.28046875 0.16171875 0.11796875
0 0.55859375 0.21796875 0.28125 0.14609375
0 0.89375 0.06953125 0.2125 0.11953125
0 0.96875 0.234375 0.0625 0.10234375
0 0.77734375 0.315625 0.184375 0.109375
0 0.60390625 0.378125 0.2046875 0.1375
0 0.1015625 0.75859375 0.20234375 0.1046875
0 0.33046875 0.7609375 0.2109375 0.1015625
0 0.17890625 0.8796875 0.27265625 0.13125
0 0.02265625 0.81640625 0.0453125 0.0890625
0 0.3125 0.98125 0.15625 0.0375
0 0.54140625 0.84609375 0.20078125 0.16328125
0 0.60234375 0.7359375 0.18515625 0.1484375
0 0.51328125 0.6515625 0.2203125 0.1234375
0 0.7375 0.64921875 0.17421875 0.13671875
0 0.85859375 0.55234375 0.23984375 0.10703125
0 0.94296875 0.5828125 0.11328125 0.07578125
0 0.93359375 0.69375 0.1328125 0.08125
0 0.9734375 0.80546875 0.05234375 0.0734375
0 0.80625 0.9046875 0.1875 0.128125