0 0.296875 0.49296875 0.0453125 0.0234375
0 0.3640625 0.4484375 0.0421875 0.021875
0 0.33125 0.50390625 0.0453125 0.0234375
0 0.353125 0.5484375 0.0421875 0.0203125
0 0.28828125 0.62890625 0.0390625 0.0203125
0 0.403125 0.57265625 0.0375 0.0171875
0 0.396875 0.56484375 0.0359375 0.0171875
0 0.290625 0.63671875 0.0328125 0.0203125
0 0.2234375 0.6734375 0.0421875 0.021875
0 0.48515625 0.53359375 0.0390625 0.01875
0 0.50234375 0.51484375 0.0296875 0.015625
0 0.45 0.41796875 0.0359375 0.0203125
0 0.4484375 0.5625 0.0359375 0.0203125
0 0.56484375 0.38515625 0.0359375 0.015625
0 0.565625 0.390625 0.03125 0.0140625
0 0.53046875 0.50859375 0.0328125 0.0171875
0 0.5171875 0.5203125 0.0359375 0.01875
0 0.5078125 0.5328125 0.0390625 0.0203125
0 0.4875 0.40859375 0.0328125 0.0171875
0 0.6453125 0.45625 0.0296875 0.015625
0 0.67421875 0.3578125 0.03125 0.0171875
0 0.74296875 0.40546875 0.03125 0.0140625
0 0.7390625 0.34140625 0.025 0.0140625