0 0.08359375 0.37265625 0.015625 0.009375
0 0.08828125 0.36484375 0.0109375 0.0078125
0 0.084375 0.3671875 0.0171875 0.009375
0 0.096875 0.5140625 0.0171875 0.009375
0 0.096875 0.50546875 0.0140625 0.009375
0 0.09765625 0.51953125 0.0125 0.009375
0 0.09765625 0.50078125 0.0125 0.009375
0 0.20078125 0.60625 0.0171875 0.009375
0 0.209375 0.61875 0.0125 0.009375
0 0.29765625 0.43671875 0.0171875 0.0125
0 0.246875 0.44375 0.0203125 0.0109375
0 0.2078125 0.44296875 0.0171875 0.009375
0 0.19296875 0.42890625 0.0171875 0.009375
0 0.0890625 0.4296875 0.0125 0.009375
0 0.20390625 0.2703125 0.0140625 0.009375
0 0.3515625 0.284375 0.025 0.015625
0 0.3546875 0.2734375 0.025 0.0125
0 0.28203125 0.41171875 0.025 0.0125