0 0.715625 0.89140625 0.2859375 0.215625
0 0.65546875 0.93671875 0.2234375 0.1265625
0 0.8734375 0.875 0.1421875 0.134375
0 0.89140625 0.7203125 0.165625 0.1375
0 0.9265625 0.61953125 0.134375 0.11875
0 0.965625 0.4015625 0.06875 0.1
0 0.696875 0.2 0.2515625 0.196875
0 0.7796875 0.08125 0.228125 0.1125
0 0.8671875 0.509375 0.2328125 0.134375
0 0.92421875 0.3375 0.1515625 0.128125
0 0.78359375 0.3921875 0.2765625 0.165625
0 0.4484375 0.4375 0.128125 0.115625
0 0.7046875 0.62734375 0.140625 0.128125
0 0.61953125 0.5625 0.21875 0.16875
0 0.553125 0.33125 0.2328125 0.2109375
0 0.52265625 0.26328125 0.23125 0.11875
0 0.3765625 0.19453125 0.1828125 0.16875
0 0.4046875 0.04921875 0.196875 0.0984375
0 0.20625 0.04765625 0.25625 0.0953125
0 0.23671875 0.11875 0.175 0.1234375
0 0.234375 0.2078125 0.15625 0.1265625
0 0.5140625 0.66171875 0.221875 0.1359375
0 0.45078125 0.909375 0.1921875 0.18125
0 0.2921875 0.928125 0.159375 0.10625
0 0.30546875 0.8078125 0.159375 0.18125
0 0.58828125 0.7453125 0.159375 0.121875
0 0.4578125 0.75859375 0.184375 0.159375
0 0.28984375 0.67109375 0.1703125 0.1453125
0 0.4453125 0.55234375 0.178125 0.1296875
0 0.334375 0.5671875 0.1671875 0.1203125
0 0.05234375 0.65390625 0.1046875 0.1671875
0 0.03671875 0.53828125 0.0734375 0.1078125
0 0.08671875 0.4234375 0.1734375 0.14375
0 0.07109375 0.26953125 0.1 0.1765625