0 0.196875 0.878125 0.05078125 0.20078125
0 0.59609375 0.88671875 0.0609375 0.1953125
0 0.24609375 0.89140625 0.04375 0.18515625
0 0.26015625 0.67578125 0.05078125 0.1515625
0 0.23984375 0.55625 0.04140625 0.11796875
0 0.815625 0.5265625 0.0234375 0.10625
0 0.8296875 0.54296875 0.034375 0.1078125
0 0.578125 0.40859375 0.02578125 0.06953125
0 0.4296875 0.4203125 0.0328125 0.07109375
0 0.33125 0.4625 0.02578125 0.09375
0 0.30546875 0.4 0.02265625 0.0765625
0 0.3140625 0.4203125 0.02265625 0.07734375
0 0.8640625 0.54375 0.03984375 0.11796875
0 0.9265625 0.61171875 0.02890625 0.1140625
0 0.959375 0.5953125 0.03125 0.08125
0 0.96015625 0.69765625 0.05390625 0.14609375
0 0.72890625 0.45078125 0.0328125 0.090625
0 0.6953125 0.396875 0.0234375 0.06796875
0 0.7515625 0.43046875 0.02578125 0.08203125
0 0.3578125 0.35625 0.02578125 0.065625
0 0.41015625 0.359375 0.03046875 0.06640625
0 0.73046875 0.6125 0.03125 0.096875