0 0.67734375 0.1296875 0.13125 0.196875
0 0.71171875 0.38671875 0.1984375 0.3046875
0 0.6578125 0.35625 0.159375 0.2046875
0 0.88671875 0.57421875 0.16875 0.253125
0 0.79375 0.68828125 0.1625 0.1625
0 0.68125 0.74765625 0.14375 0.1984375
0 0.5609375 0.91171875 0.146875 0.1765625
0 0.60390625 0.6296875 0.18125 0.228125
0 0.51484375 0.7328125 0.11875 0.175
0 0.20859375 0.0703125 0.1484375 0.140625
0 0.34453125 0.09140625 0.1328125 0.1828125
0 0.4640625 0.13671875 0.1640625 0.2609375
0 0.328125 0.2609375 0.1609375 0.1921875
0 0.1453125 0.203125 0.121875 0.159375
0 0.21484375 0.29140625 0.15625 0.2078125
0 0.5125 0.43828125 0.153125 0.2453125
0 0.434375 0.484375 0.1484375 0.2578125
0 0.34453125 0.89296875 0.1328125 0.1921875
0 0.32578125 0.60625 0.125 0.171875
0 0.25 0.78984375 0.2015625 0.2859375
0 0.184375 0.43984375 0.1703125 0.15625
0 0.05859375 0.54140625 0.1171875 0.1484375
0 0.10078125 0.3953125 0.0984375 0.1140625
0 0.14140625 0.57734375 0.1234375 0.1703125
0 0.0890625 0.7015625 0.178125 0.203125
0 0.0859375 0.81015625 0.1453125 0.2125
0 0.153125 0.89921875 0.103125 0.1234375