0 0.14921875 0.6921875 0.0203125 0.034375
0 0.3078125 0.8859375 0.0609375 0.04765625
0 0.55234375 0.6140625 0.01328125 0.04765625
0 0.45859375 0.8 0.0453125 0.03515625
0 0.47578125 0.753125 0.01953125 0.04765625
0 0.62734375 0.9796875 0.07578125 0.03984375
0 0.62265625 0.7953125 0.02734375 0.04453125
0 0.64375 0.82734375 0.04375 0.028125
0 0.675 0.84609375 0.028125 0.05546875
0 0.77109375 0.83984375 0.02265625 0.0609375
0 0.65390625 0.66640625 0.00859375 0.02578125
0 0.75234375 0.646875 0.0109375 0.0328125
0 0.26328125 0.66328125 0.015625 0.02890625
0 0.32578125 0.71484375 0.03359375 0.02890625
0 0.70859375 0.6875 0.01640625 0.0328125
0 0.65859375 0.7015625 0.01796875 0.03359375
0 0.69609375 0.7 0.0140625 0.0328125
0 0.68046875 0.72890625 0.02578125 0.0265625
0 0.7875 0.66875 0.0109375 0.0328125
0 0.82109375 0.703125 0.0140625 0.0328125
0 0.87734375 0.72421875 0.028125 0.04296875
0 0.85 0.73359375 0.03203125 0.04140625
0 0.65859375 0.66875 0.00859375 0.03125
0 0.68203125 0.7421875 0.021875 0.0296875