0 0.3171875 0.18046875 0.22578125 0.13046875
0 0.115625 0.203125 0.190625 0.13984375
0 0.24375 0.35 0.12890625 0.13125
0 0.415625 0.29140625 0.13046875 0.103125
0 0.87890625 0.28046875 0.215625 0.1078125
0 0.621875 0.246875 0.20078125 0.09765625
0 0.33984375 0.91953125 0.16171875 0.1
0 0.17578125 0.8640625 0.1890625 0.11640625
0 0.56640625 0.83671875 0.146875 0.125
0 0.30234375 0.759375 0.14921875 0.128125
0 0.34296875 0.61953125 0.184375 0.0828125
0 0.1296875 0.57109375 0.18984375 0.1265625
0 0.4671875 0.721875 0.18359375 0.10625
0 0.35078125 0.49453125 0.16171875 0.0984375
0 0.675 0.59296875 0.14609375 0.14296875
0 0.46796875 0.58203125 0.1171875 0.10078125
0 0.5625 0.60078125 0.09140625 0.090625
0 0.92421875 0.38984375 0.1203125 0.10703125
0 0.77109375 0.340625 0.12421875 0.06953125
0 0.93046875 0.63671875 0.1390625 0.1265625