0 0.24921875 0.89375 0.0390625 0.0203125
0 0.303125 0.75078125 0.0390625 0.0140625
0 0.2546875 0.68203125 0.0296875 0.0484375
0 0.3953125 0.41953125 0.04375 0.015625
0 0.21953125 0.496875 0.0609375 0.0265625
0 0.1625 0.4671875 0.0453125 0.06875
0 0.1765625 0.29453125 0.0625 0.034375
0 0.1265625 0.246875 0.05625 0.0796875
0 0.075 0.1921875 0.0859375 0.0546875
0 0.12890625 0.05 0.06875 0.0453125
0 0.3890625 0.18125 0.034375 0.0140625
0 0.36640625 0.128125 0.0390625 0.015625
0 0.3296875 0.06953125 0.04375 0.015625
0 0.32109375 0.0015625 0.0359375 0.003125
0 0.30546875 0.0078125 0.0421875 0.015625
0 0.359375 0.30234375 0.025 0.0125
0 0.35703125 0.29140625 0.0234375 0.009375
0 0.309375 0.2765625 0.0421875 0.0203125
0 0.33125 0.225 0.0375 0.0203125
0 0.29921875 0.23046875 0.0296875 0.01875
0 0.2765625 0.24375 0.0265625 0.021875
0 0.2609375 0.22734375 0.0421875 0.0234375