0 0.81875 0.8484375 0.021875 0.0390625
0 0.8640625 0.98515625 0.025 0.0296875
0 0.77578125 0.93359375 0.0640625 0.04375
0 0.60390625 0.8421875 0.028125 0.0421875
0 0.625 0.9078125 0.053125 0.03125
0 0.3796875 0.68359375 0.0140625 0.0328125
0 0.5046875 0.7234375 0.0125 0.040625
0 0.74375 0.70078125 0.01875 0.0265625
0 0.66796875 0.67265625 0.0203125 0.0234375
0 0.62265625 0.7078125 0.0265625 0.0234375
0 0.62578125 0.79140625 0.0234375 0.0265625
0 0.55234375 0.7515625 0.0296875 0.021875
0 0.29609375 0.62890625 0.0109375 0.021875
0 0.42734375 0.8765625 0.021875 0.0359375
0 0.278125 0.6390625 0.0109375 0.025
0 0.3796875 0.6578125 0.0109375 0.021875
0 0.26875 0.665625 0.015625 0.0296875
0 0.4140625 0.72734375 0.0140625 0.0296875
0 0.3796875 0.76484375 0.01875 0.034375
0 0.39921875 0.75390625 0.0203125 0.03125
0 0.36640625 0.703125 0.0171875 0.03125
0 0.3546875 0.68359375 0.0140625 0.03125
0 0.32109375 0.74921875 0.015625 0.0359375
0 0.4171875 0.81796875 0.0171875 0.025
0 0.37421875 0.834375 0.0171875 0.040625
0 0.24375 0.83359375 0.059375 0.0328125
0 0.034375 0.8171875 0.01875 0.04375
0 0.240625 0.67578125 0.015625 0.0265625
0 0.4578125 0.61953125 0.0125 0.034375
0 0.3421875 0.671875 0.009375 0.0125
0 0.2546875 0.684375 0.0125 0.0125