0 0.2328125 0.06640625 0.01875 0.0296875
0 0.25703125 0.0921875 0.01875 0.0296875
0 0.33046875 0.1453125 0.0171875 0.0265625
0 0.28125 0.10546875 0.0203125 0.0265625
0 0.309375 0.1296875 0.025 0.0296875
0 0.51953125 0.0265625 0.01875 0.0390625
0 0.37734375 0.08671875 0.01875 0.053125
0 0.35390625 0.0203125 0.0125 0.0203125
0 0.35859375 0.0328125 0.0140625 0.0296875
0 0.396875 0.06171875 0.0125 0.0203125
0 0.471875 0.05859375 0.015625 0.0328125
0 0.41796875 0.12265625 0.015625 0.0296875
0 0.5671875 0.05390625 0.0109375 0.0234375
0 0.571875 0.07421875 0.0109375 0.025
0 0.6015625 0.05859375 0.015625 0.0390625
0 0.57734375 0.0203125 0.0125 0.03125
0 0.67734375 0.09375 0.0140625 0.0296875
0 0.584375 0.053125 0.015625 0.0359375
0 0.52109375 0.26015625 0.015625 0.0359375
0 0.3953125 0.50859375 0.015625 0.0390625
0 0.5015625 0.4359375 0.0125 0.03125
0 0.496875 0.4953125 0.0140625 0.0421875
0 0.396875 0.58828125 0.0125 0.0375
0 0.48515625 0.52265625 0.0125 0.03125
0 0.4890625 0.5578125 0.0125 0.0265625
0 0.51015625 0.45078125 0.0125 0.034375
0 0.50546875 0.4390625 0.0125 0.03125
0 0.47265625 0.63046875 0.0140625 0.0328125
0 0.40625 0.5734375 0.0125 0.03125
0 0.403125 0.69765625 0.0140625 0.0296875