0 0.78203125 0.9609375 0.0640625 0.078125
0 0.7109375 0.921875 0.0734375 0.1359375
0 0.74375 0.92421875 0.071875 0.13125
0 0.759375 0.95 0.071875 0.1
0 0.78046875 0.90234375 0.03125 0.0390625
0 0.0546875 0.66875 0.0703125 0.1015625
0 0.08359375 0.6734375 0.071875 0.140625
0 0.22265625 0.48046875 0.0515625 0.0890625
0 0.24296875 0.440625 0.0296875 0.040625
0 0.24921875 0.49375 0.0421875 0.090625
0 0.2546875 0.51015625 0.05 0.09375
0 0.29453125 0.45234375 0.034375 0.04375
0 0.27109375 0.503125 0.040625 0.0765625
0 0.30546875 0.51484375 0.0515625 0.0875
0 0.32109375 0.4796875 0.0265625 0.0390625
0 0.3359375 0.41640625 0.0375 0.06875
0 0.70078125 0.64296875 0.040625 0.06875
0 0.68828125 0.634375 0.040625 0.0625
0 0.64140625 0.53359375 0.0375 0.0703125
0 0.640625 0.5734375 0.0375 0.0703125
0 0.6734375 0.52890625 0.0234375 0.040625
0 0.6640625 0.59296875 0.0375 0.0765625
0 0.67578125 0.59765625 0.0421875 0.071875
0 0.6625 0.51875 0.0265625 0.04375
0 0.65234375 0.58515625 0.0390625 0.075
0 0.39140625 0.29609375 0.025 0.046875
0 0.62109375 0.43515625 0.028125 0.053125
0 0.5609375 0.39375 0.021875 0.0390625
0 0.57109375 0.38984375 0.0265625 0.053125
0 0.62421875 0.39453125 0.0265625 0.0453125
0 0.434375 0.32109375 0.025 0.0453125