0 0.11953125 0.66015625 0.1703125 0.171875
0 0.8203125 0.69765625 0.2296875 0.16875
0 0.6 0.59375 0.1578125 0.146875
0 0.82734375 0.890625 0.20625 0.175
0 0.540625 0.9140625 0.153125 0.1515625
0 0.73046875 0.94453125 0.2109375 0.1109375
0 0.35 0.89921875 0.21875 0.1546875
0 0.34375 0.721875 0.1859375 0.1625
0 0.24765625 0.7953125 0.1890625 0.140625
0 0.58515625 0.69296875 0.1625 0.1328125
0 0.103125 0.89609375 0.1875 0.1125
0 0.4359375 0.80390625 0.1609375 0.1421875
0 0.46015625 0.59609375 0.159375 0.121875
0 0.70703125 0.45078125 0.2703125 0.1546875
0 0.9328125 0.4921875 0.134375 0.159375
0 0.9359375 0.2328125 0.128125 0.121875
0 0.9625 0.3265625 0.075 0.121875
0 0.39375 0.08984375 0.1875 0.1234375
0 0.3703125 0.17265625 0.2109375 0.121875
0 0.365625 0.27109375 0.1921875 0.146875
0 0.15234375 0.0640625 0.1796875 0.128125
0 0.0890625 0.2578125 0.1265625 0.14375
0 0.1578125 0.31484375 0.2140625 0.1421875
0 0.47421875 0.3203125 0.178125 0.1203125
0 0.80078125 0.31640625 0.209375 0.159375
0 0.03515625 0.5390625 0.0703125 0.140625
0 0.265625 0.49921875 0.1609375 0.1
0 0.35234375 0.41171875 0.14375 0.1359375
0 0.2265625 0.3984375 0.1765625 0.1265625
0 0.08125 0.396875 0.1515625 0.115625