0 0.1953125 0.97890625 0.11875 0.0421875
0 0.3453125 0.98671875 0.125 0.0265625
0 0.471875 0.88359375 0.1546875 0.178125
0 0.57578125 0.934375 0.1203125 0.13125
0 0.0890625 0.353125 0.175 0.2046875
0 0.24140625 0.1875 0.2015625 0.2703125
0 0.34453125 0.20703125 0.184375 0.271875
0 0.4046875 0.059375 0.10625 0.11875
0 0.48359375 0.3640625 0.2078125 0.253125
0 0.6109375 0.01328125 0.109375 0.0265625
0 0.5890625 0.0984375 0.184375 0.196875
0 0.59765625 0.31796875 0.1671875 0.1921875
0 0.859375 0.1796875 0.175 0.234375
0 0.73828125 0.13203125 0.146875 0.20625
0 0.70234375 0.2765625 0.1671875 0.234375
0 0.8 0.309375 0.1625 0.175
0 0.340625 0.40390625 0.2265625 0.2734375
0 0.25 0.534375 0.1921875 0.234375
0 0.44609375 0.59765625 0.1390625 0.1859375
0 0.34921875 0.73125 0.1765625 0.221875
0 0.61171875 0.72890625 0.1171875 0.1765625
0 0.71171875 0.7484375 0.159375 0.2140625
0 0.61953125 0.5703125 0.153125 0.19375
0 0.9375 0.490625 0.125 0.2
0 0.8609375 0.575 0.178125 0.2015625
0 0.8625 0.7453125 0.140625 0.159375
0 0.85859375 0.8453125 0.1171875 0.1359375
0 0.9421875 0.8203125 0.1109375 0.1265625
0 0.9375 0.7234375 0.125 0.234375
0 0.95703125 0.628125 0.0859375 0.20625