0 0.05703125 0.80546875 0.03046875 0.01640625
0 0.09140625 0.8203125 0.0171875 0.01953125
0 0.146875 0.878125 0.03046875 0.02109375
0 0.19453125 0.83828125 0.025 0.021875
0 0.0078125 0.7921875 0.015625 0.01875
0 0.01875 0.9125 0.0328125 0.02578125
0 0.0171875 0.9328125 0.034375 0.025
0 0.6953125 0.7015625 0.009375 0.01484375
0 0.2671875 0.771875 0.01875 0.021875
0 0.28046875 0.7015625 0.0171875 0.01640625
0 0.3125 0.8921875 0.01328125 0.0328125
0 0.28046875 0.86953125 0.01484375 0.02109375
0 0.35078125 0.87421875 0.02890625 0.021875
0 0.5109375 0.609375 0.0078125 0.0265625
0 0.31875 0.6984375 0.0109375 0.021875
0 0.4015625 0.65703125 0.0109375 0.02421875
0 0.35234375 0.796875 0.021875 0.01640625
0 0.371875 0.7234375 0.02109375 0.02109375
0 0.40546875 0.6828125 0.0125 0.02109375
0 0.4328125 0.67421875 0.015625 0.01484375
0 0.475 0.66171875 0.0078125 0.02421875
0 0.35625 0.7171875 0.0125 0.021875
0 0.29921875 0.759375 0.0234375 0.01484375
0 0.45 0.9359375 0.03203125 0.02109375
0 0.3953125 0.84453125 0.025 0.021875
0 0.41953125 0.81328125 0.0125 0.03046875
0 0.43046875 0.8453125 0.02109375 0.01640625
0 0.8171875 0.7296875 0.01328125 0.02578125
0 0.5171875 0.7140625 0.015625 0.02421875
0 0.5390625 0.7 0.01328125 0.025
0 0.53359375 0.67421875 0.025 0.0125
0 0.790625 0.75234375 0.0140625 0.02578125
0 0.82109375 0.78125 0.02265625 0.021875
0 0.7515625 0.77109375 0.03984375 0.015625
0 0.79765625 0.703125 0.01875 0.01796875
0 0.9359375 0.75625 0.01953125 0.0171875
0 0.95 0.75390625 0.01796875 0.021875
0 0.55703125 0.68515625 0.02265625 0.0078125
0 0.8453125 0.63203125 0.01484375 0.0171875
0 0.7765625 0.6609375 0.01171875 0.01328125
0 0.328125 0.7359375 0.02421875 0.0109375
0 0.33984375 0.64765625 0.01953125 0.01171875
0 0.37265625 0.63359375 0.01484375 0.01171875
0 0.4328125 0.70234375 0.015625 0.015625
0 0.57578125 0.678125 0.01015625 0.0203125
0 0.59140625 0.703125 0.01484375 0.01640625
0 0.578125 0.640625 0.00703125 0.01640625
0 0.54453125 0.66015625 0.01953125 0.01171875
0 0.553125 0.646875 0.009375 0.02109375
0 0.55625 0.65546875 0.00546875 0.01953125
0 0.5671875 0.65390625 0.01015625 0.01796875
0 0.55390625 0.63359375 0.01015625 0.01171875
0 0.6140625 0.64453125 0.01640625 0.00703125
0 0.634375 0.6515625 0.01015625 0.01015625
0 0.80546875 0.6578125 0.00625 0.015625
0 0.98828125 0.7046875 0.0234375 0.01875
0 0.96484375 0.65546875 0.01015625 0.01171875
0 0.97734375 0.63828125 0.01015625 0.0125
0 0.99453125 0.8359375 0.0109375 0.015625
0 0.8546875 0.60625 0.00703125 0.0203125
0 0.62109375 0.6515625 0.0109375 0.01015625
0 0.6234375 0.628125 0.0078125 0.01328125
0 0.61640625 0.621875 0.009375 0.01640625
0 0.0125 0.8234375 0.02421875 0.01640625
0 0.103125 0.97734375 0.02890625 0.021875
0 0.128125 0.9796875 0.01796875 0.03984375
0 0.3953125 0.82578125 0.01640625 0.01328125