0 0.059375 0.46796875 0.034375 0.0140625
0 0.02890625 0.56171875 0.040625 0.0109375
0 0.0109375 0.45234375 0.01875 0.0078125
0 0.01796875 0.69140625 0.028125 0.0125
0 0.0296875 0.68046875 0.028125 0.0140625
0 0.07109375 0.6421875 0.025 0.015625
0 0.0359375 0.66640625 0.0203125 0.0109375
0 0.2125 0.51875 0.0328125 0.0109375
0 0.11796875 0.58203125 0.025 0.0125
0 0.0921875 0.38984375 0.034375 0.0109375
0 0.01484375 0.32734375 0.01875 0.0078125
0 0.2640625 0.4265625 0.0359375 0.0109375
0 0.05625 0.30390625 0.0265625 0.0140625
0 0.06953125 0.2265625 0.025 0.0140625
0 0.05078125 0.2421875 0.03125 0.009375
0 0.04921875 0.2359375 0.0296875 0.009375
0 0.053125 0.25 0.03125 0.009375
0 0.04296875 0.2890625 0.034375 0.0109375
0 0.05234375 0.2984375 0.03125 0.009375
0 0.01484375 0.346875 0.0203125 0.009375
0 0.01640625 0.31640625 0.01875 0.0109375
0 0.01328125 0.3375 0.015625 0.009375
0 0.41953125 0.4625 0.025 0.0125
0 0.42109375 0.471875 0.025 0.0125
0 0.29765625 0.4234375 0.021875 0.0078125
0 0.40078125 0.47109375 0.0234375 0.0109375
0 0.4859375 0.58671875 0.0359375 0.0109375
0 0.48515625 0.47890625 0.028125 0.0109375
0 0.52734375 0.52578125 0.03125 0.0109375
0 0.5109375 0.484375 0.028125 0.0109375
0 0.521875 0.49375 0.021875 0.009375
0 0.58125 0.59453125 0.028125 0.0109375
0 0.55 0.49453125 0.01875 0.00625
0 0.58671875 0.584375 0.025 0.0109375
0 0.6421875 0.5203125 0.025 0.0109375