0 0.1765625 0.90078125 0.1875 0.1640625
0 0.16015625 0.9625 0.2046875 0.075
0 0.34453125 0.87890625 0.190625 0.1875
0 0.45390625 0.9375 0.1953125 0.125
0 0.46328125 0.7828125 0.165625 0.109375
0 0.53203125 0.66875 0.2453125 0.1953125
0 0.60234375 0.78046875 0.1671875 0.1078125
0 0.16796875 0.77109375 0.190625 0.1265625
0 0.3296875 0.62265625 0.171875 0.128125
0 0.14140625 0.5625 0.26875 0.140625
0 0.09609375 0.6515625 0.165625 0.0875
0 0.43125 0.5515625 0.13125 0.121875
0 0.03515625 0.453125 0.0703125 0.1
0 0.06171875 0.36953125 0.1234375 0.1109375
0 0.2453125 0.384375 0.2578125 0.1734375
0 0.23515625 0.1953125 0.19375 0.2109375
0 0.4078125 0.28515625 0.1734375 0.121875
0 0.44296875 0.3859375 0.2109375 0.1390625
0 0.15625 0.09296875 0.2125 0.125
0 0.628125 0.15625 0.2796875 0.1453125
0 0.72265625 0.2078125 0.178125 0.128125
0 0.72578125 0.11484375 0.20625 0.153125
0 0.765625 0.0390625 0.346875 0.078125
0 0.56328125 0.4640625 0.1359375 0.1078125
0 0.62734375 0.55 0.1671875 0.1265625
0 0.72578125 0.58359375 0.1984375 0.1375
0 0.79296875 0.68359375 0.1765625 0.134375
0 0.78828125 0.79453125 0.15625 0.1765625
0 0.6890625 0.89453125 0.1875 0.1875
0 0.884375 0.41484375 0.23125 0.1640625
0 0.9375 0.51796875 0.125 0.1109375
0 0.95546875 0.61875 0.0890625 0.134375