0 0.50234375 0.90625 0.034375 0.01796875
0 0.565625 0.97265625 0.0671875 0.02265625
0 0.4375 0.8921875 0.0140625 0.02109375
0 0.825 0.8953125 0.03828125 0.025
0 0.63515625 0.71328125 0.05078125 0.0203125
0 0.459375 0.73203125 0.01640625 0.01328125
0 0.49921875 0.725 0.03046875 0.0171875
0 0.45703125 0.7546875 0.01484375 0.01171875
0 0.85078125 0.67421875 0.0375 0.0125
0 0.8765625 0.65625 0.05703125 0.02109375
0 0.9015625 0.7046875 0.01796875 0.01953125
0 0.85390625 0.44375 0.02421875 0.01640625
0 0.70859375 0.42421875 0.05703125 0.01953125
0 0.71875 0.40625 0.0609375 0.01953125
0 0.65390625 0.4859375 0.040625 0.0203125
0 0.6140625 0.31328125 0.04921875 0.0171875
0 0.6328125 0.29765625 0.02890625 0.01875
0 0.646875 0.0671875 0.0203125 0.02265625
0 0.70234375 0.140625 0.01796875 0.03125
0 0.409375 0.44140625 0.01953125 0.02109375
0 0.43984375 0.396875 0.025 0.021875
0 0.42578125 0.41328125 0.015625 0.0125
0 0.49140625 0.41875 0.0109375 0.01171875
0 0.40234375 0.39609375 0.0109375 0.01171875
0 0.8984375 0.05234375 0.03359375 0.0203125
0 0.64140625 0.09140625 0.015625 0.0171875
0 0.64765625 0.04765625 0.0140625 0.0203125
0 0.66875 0.04140625 0.04375 0.01640625
0 0.9859375 0.0953125 0.01875 0.02421875
0 0.990625 0.3390625 0.01875 0.021875