0 0.79453125 0.9140625 0.04375 0.02421875
0 0.43828125 0.865625 0.03359375 0.02109375
0 0.4296875 0.759375 0.01953125 0.0234375
0 0.5640625 0.8078125 0.06015625 0.02109375
0 0.4890625 0.7921875 0.0140625 0.02734375
0 0.809375 0.7359375 0.0421875 0.02421875
0 0.4671875 0.5921875 0.01953125 0.0203125
0 0.49609375 0.584375 0.0328125 0.01875
0 0.62890625 0.57109375 0.0578125 0.02265625
0 0.52265625 0.615625 0.01171875 0.0203125
0 0.5609375 0.83359375 0.04375 0.0171875
0 0.446875 0.25078125 0.021875 0.01640625
0 0.4203125 0.259375 0.01171875 0.0140625
0 0.44453125 0.2671875 0.01484375 0.01171875
0 0.41796875 0.2828125 0.02421875 0.0171875
0 0.5109375 0.27109375 0.0078125 0.0125
0 0.64921875 0.36484375 0.04140625 0.01796875
0 0.69609375 0.3078125 0.0640625 0.02265625
0 0.7109375 0.28828125 0.06640625 0.025
0 0.60859375 0.20625 0.05078125 0.01640625
0 0.62890625 0.1890625 0.0296875 0.015625
0 0.8296875 0.328125 0.0203125 0.015625
0 0.69140625 0.0453125 0.01953125 0.03359375
0 0.9828125 0.2203125 0.02890625 0.02578125
0 0.9796875 0.15625 0.03984375 0.01796875
0 0.84921875 0.55234375 0.01640625 0.0109375
0 0.83359375 0.5328125 0.02734375 0.015625
0 0.85546875 0.51953125 0.0421875 0.01640625