0 0.56875 0.0703125 0.0078125 0.0140625
0 0.5765625 0.0734375 0.0078125 0.009375
0 0.5734375 0.06953125 0.0078125 0.015625
0 0.4296875 0.10234375 0.0078125 0.015625
0 0.4390625 0.1015625 0.0078125 0.0125
0 0.425 0.1046875 0.0078125 0.0109375
0 0.44375 0.1015625 0.0078125 0.0109375
0 0.353125 0.21796875 0.0078125 0.015625
0 0.3421875 0.22890625 0.0078125 0.0109375
0 0.534375 0.290625 0.0109375 0.0171875
0 0.52109375 0.24140625 0.0078125 0.01875
0 0.51640625 0.203125 0.0078125 0.015625
0 0.52734375 0.1859375 0.0078125 0.015625
0 0.5125 0.08359375 0.0078125 0.0109375
0 0.6859375 0.175 0.0078125 0.0125
0 0.6921875 0.32265625 0.0125 0.025
0 0.70390625 0.32421875 0.009375 0.025
0 0.55703125 0.271875 0.009375 0.0234375