0 0.0578125 0.64765625 0.0203125 0.0390625
0 0.209375 0.63046875 0.015625 0.0390625
0 0.26484375 0.69375 0.0484375 0.0296875
0 0.553125 0.62109375 0.015625 0.04375
0 0.43515625 0.77265625 0.0265625 0.0609375
0 0.45 0.83515625 0.06875 0.0453125
0 0.62109375 0.86328125 0.0359375 0.0625
0 0.6546875 0.9234375 0.0796875 0.05625
0 0.69609375 0.971875 0.0546875 0.05625
0 0.84609375 0.9671875 0.0453125 0.065625
0 0.7828125 0.68515625 0.0140625 0.034375
0 0.82890625 0.71953125 0.015625 0.0390625
0 0.8765625 0.76875 0.015625 0.04375
0 0.9453125 0.79453125 0.015625 0.0359375
0 0.93203125 0.80703125 0.0203125 0.0421875
0 0.1703125 0.95 0.0390625 0.03125
0 0.6578125 0.68359375 0.0125 0.025
0 0.66796875 0.6890625 0.009375 0.0234375
0 0.6703125 0.7390625 0.0203125 0.0421875
0 0.72578125 0.7296875 0.0203125 0.0375
0 0.7125 0.76015625 0.01875 0.0296875
0 0.69453125 0.77890625 0.021875 0.0265625
0 0.70703125 0.79765625 0.0234375 0.0421875