0 0.784375 0.5828125 0.0453125 0.015625
0 0.81484375 0.2984375 0.0453125 0.015625
0 0.81015625 0.28828125 0.046875 0.015625
0 0.81328125 0.27734375 0.0453125 0.01875
0 0.815625 0.09609375 0.05 0.021875
0 0.984375 0.1515625 0.03125 0.021875
0 0.853125 0.8265625 0.0578125 0.025
0 0.80390625 0.82421875 0.0359375 0.0171875
0 0.84453125 0.82265625 0.0484375 0.0203125
0 0.81640625 0.896875 0.0359375 0.0171875
0 0.82265625 0.903125 0.0296875 0.0140625
0 0.74609375 0.6796875 0.0421875 0.01875
0 0.7484375 0.6984375 0.0359375 0.0171875
0 0.6578125 0.77421875 0.0234375 0.0109375
0 0.70703125 0.625 0.0296875 0.0171875
0 0.86875 0.33671875 0.0296875 0.015625
0 0.87109375 0.32890625 0.0484375 0.015625
0 0.81171875 0.14609375 0.0421875 0.01875
0 0.80625 0.05625 0.040625 0.015625
0 0.79765625 0.0484375 0.0453125 0.015625
0 0.97578125 0.07890625 0.0484375 0.0234375
0 0.9765625 0.0671875 0.046875 0.015625
0 0.6171875 0.9875 0.0359375 0.0171875
0 0.8234375 0.471875 0.0375 0.0234375
0 0.82578125 0.4859375 0.0359375 0.0203125
0 0.778125 0.51484375 0.0328125 0.0140625
0 0.7828125 0.50625 0.0296875 0.015625
0 0.81171875 0.52890625 0.034375 0.015625
0 0.81171875 0.51953125 0.0328125 0.0140625
0 0.82578125 0.51171875 0.0390625 0.0171875
0 0.83125 0.4203125 0.0359375 0.0171875