0 0.40703125 0.9484375 0.0203125 0.0203125
0 0.4734375 0.9640625 0.03125 0.0265625
0 0.80546875 0.984375 0.0484375 0.03125
0 0.44296875 0.79296875 0.0234375 0.0171875
0 0.475 0.79140625 0.025 0.021875
0 0.625 0.784375 0.0578125 0.0265625
0 0.6546875 0.54921875 0.0453125 0.028125
0 0.70703125 0.48515625 0.0640625 0.0296875
0 0.721875 0.46875 0.0671875 0.025
0 0.62265625 0.371875 0.0578125 0.025
0 0.6453125 0.353125 0.0328125 0.0203125
0 0.4 0.4546875 0.0171875 0.0171875
0 0.43671875 0.45859375 0.0234375 0.0203125
0 0.48125 0.47890625 0.0203125 0.01875
0 0.41796875 0.47890625 0.0171875 0.0171875
0 0.4109375 0.49765625 0.0203125 0.0265625
0 0.4625 0.03046875 0.0140625 0.025
0 0.71953125 0.19375 0.01875 0.034375
0 0.8578125 0.515625 0.0265625 0.01875
0 0.67421875 0.11953125 0.0234375 0.0234375
0 0.69609375 0.090625 0.053125 0.028125
0 0.69140625 0.09765625 0.021875 0.0328125
0 0.82578125 0.04765625 0.028125 0.0328125
0 0.95078125 0.0546875 0.0546875 0.021875
0 0.9515625 0.04375 0.040625 0.021875
0 0.7171875 0.021875 0.0140625 0.021875
0 0.92265625 0.11640625 0.0359375 0.025
0 0.8421875 0.75390625 0.0375 0.015625
0 0.871875 0.73671875 0.05 0.028125
0 0.8953125 0.7921875 0.025 0.0234375
0 0.43359375 0.8140625 0.025 0.0171875
0 0.65859375 0.14140625 0.01875 0.0234375