0 0.52109375 0.5734375 0.0125 0.040625
0 0.853125 0.4859375 0.025 0.0390625
0 0.77421875 0.41953125 0.0109375 0.0328125
0 0.628125 0.51875 0.0125 0.0375
0 0.61171875 0.5203125 0.015625 0.040625
0 0.81640625 0.42421875 0.0140625 0.0296875
0 0.8 0.42109375 0.0140625 0.034375
0 0.8125 0.39296875 0.0109375 0.0296875
0 0.6265625 0.4125 0.0125 0.034375
0 0.61171875 0.4078125 0.0109375 0.028125
0 0.51171875 0.5765625 0.0078125 0.028125
0 0.82109375 0.45703125 0.0125 0.0375
0 0.82734375 0.46171875 0.0109375 0.021875