0 0.54296875 0.2984375 0.0078125 0.025
0 0.521875 0.3109375 0.0109375 0.015625
0 0.51015625 0.26796875 0.0078125 0.01875
0 0.675 0.3328125 0.0078125 0.01875
0 0.68359375 0.33828125 0.0078125 0.01875
0 0.4984375 0.23359375 0.0078125 0.0234375
0 0.33515625 0.26875 0.00625 0.009375
0 0.33984375 0.25625 0.00625 0.0109375
0 0.41875 0.2171875 0.00625 0.0109375
0 0.41015625 0.1453125 0.00625 0.0109375
0 0.41875 0.1453125 0.00625 0.0109375
0 0.43359375 0.14140625 0.00625 0.0109375
0 0.54296875 0.10546875 0.00625 0.0109375
0 0.54765625 0.1046875 0.00625 0.0109375
0 0.5515625 0.10703125 0.0078125 0.0140625