0 0.8953125 0.95234375 0.028125 0.0421875
0 0.77578125 0.75859375 0.015625 0.0296875
0 0.796875 0.8421875 0.0234375 0.0421875
0 0.88671875 0.7578125 0.0265625 0.025
0 0.8703125 0.87890625 0.0171875 0.0453125
0 0.73046875 0.66484375 0.0171875 0.0203125
0 0.7359375 0.81328125 0.0203125 0.0203125
0 0.6734375 0.80859375 0.015625 0.0265625
0 0.6375 0.74140625 0.015625 0.028125
0 0.540625 0.70703125 0.0140625 0.0265625
0 0.596875 0.715625 0.0171875 0.0265625
0 0.61875 0.77890625 0.0140625 0.0234375
0 0.63671875 0.684375 0.0171875 0.0203125
0 0.49609375 0.81875 0.0140625 0.0296875
0 0.45234375 0.80078125 0.0140625 0.0328125
0 0.4765625 0.78828125 0.0171875 0.0265625
0 0.48828125 0.83046875 0.0109375 0.025
0 0.43515625 0.75546875 0.0171875 0.021875
0 0.46640625 0.72890625 0.0234375 0.01875
0 0.4546875 0.7453125 0.01875 0.0203125
0 0.42734375 0.66875 0.0140625 0.021875
0 0.665625 0.65078125 0.0109375 0.015625
0 0.4296875 0.68671875 0.0125 0.021875
0 0.42734375 0.709375 0.0140625 0.0296875
0 0.41328125 0.69921875 0.0125 0.025
0 0.3953125 0.74453125 0.0140625 0.03125
0 0.21015625 0.8078125 0.0125 0.0296875
0 0.31484375 0.70078125 0.0125 0.028125
0 0.32890625 0.7046875 0.0109375 0.025
0 0.3625 0.809375 0.03125 0.025
0 0.39453125 0.68359375 0.0140625 0.0171875
0 0.0609375 0.7296875 0.0109375 0.028125
0 0.10625 0.7375 0.0109375 0.025