0 0.64609375 0.165625 0.0078125 0.0109375
0 0.2703125 0.30546875 0.0078125 0.015625
0 0.3546875 0.24375 0.009375 0.025
0 0.35859375 0.2453125 0.0078125 0.01875
0 0.51640625 0.3375 0.009375 0.028125
0 0.49375 0.359375 0.0109375 0.0171875
0 0.696875 0.3671875 0.0140625 0.0296875
0 0.7125 0.365625 0.009375 0.028125
0 0.46796875 0.296875 0.009375 0.028125
0 0.471875 0.2984375 0.009375 0.03125
0 0.45390625 0.25546875 0.0078125 0.015625
0 0.49453125 0.21796875 0.0078125 0.01875
0 0.43671875 0.22109375 0.0078125 0.015625
0 0.31796875 0.16015625 0.0078125 0.0109375
0 0.33125 0.1515625 0.0078125 0.015625
0 0.41640625 0.109375 0.0078125 0.009375
0 0.47578125 0.078125 0.0078125 0.015625
0 0.4796875 0.07890625 0.0078125 0.015625