0 0.50078125 0.56171875 0.0125 0.028125
0 0.60859375 0.571875 0.0125 0.028125
0 0.6 0.58984375 0.0140625 0.0265625
0 0.48671875 0.70234375 0.0140625 0.025
0 0.57734375 0.9078125 0.01875 0.046875
0 0.51640625 0.93203125 0.0109375 0.034375
0 0.6296875 0.9734375 0.0140625 0.040625
0 0.46328125 0.95625 0.0140625 0.034375
0 0.40546875 0.96875 0.015625 0.0390625
0 0.4265625 0.92890625 0.0109375 0.03125
0 0.60859375 0.40859375 0.0109375 0.034375
0 0.50703125 0.51015625 0.0140625 0.03125
0 0.4171875 0.93828125 0.0140625 0.0359375
0 0.39921875 0.9296875 0.0140625 0.0375
0 0.48828125 0.5890625 0.0109375 0.0375
0 0.6078125 0.3078125 0.0125 0.03125
0 0.6078125 0.48984375 0.0140625 0.0375
0 0.51953125 0.478125 0.0109375 0.03125
0 0.528125 0.4796875 0.0140625 0.028125
0 0.61171875 0.5234375 0.0125 0.034375
0 0.534375 0.37109375 0.0109375 0.034375
0 0.5265625 0.36328125 0.0109375 0.03125
0 0.54609375 0.31640625 0.0109375 0.028125
0 0.47421875 0.73359375 0.0125 0.028125
0 0.49609375 0.6171875 0.0140625 0.03125
0 0.62265625 0.8609375 0.0140625 0.034375
0 0.65546875 0.85859375 0.0203125 0.0359375
0 0.33671875 0.896875 0.0203125 0.0328125
0 0.31640625 0.88515625 0.0109375 0.028125
0 0.32109375 0.9125 0.0140625 0.03125
0 0.39140625 0.92109375 0.0140625 0.0328125
0 0.75078125 0.93359375 0.0171875 0.0296875
0 0.6796875 0.865625 0.0203125 0.0328125
0 0.72734375 0.90546875 0.01875 0.0296875
0 0.70625 0.896875 0.0203125 0.0328125