0 0.38515625 0.71796875 0.028125 0.0125
0 0.46484375 0.640625 0.028125 0.0125
0 0.384375 0.734375 0.034375 0.0171875
0 0.36953125 0.50390625 0.0296875 0.015625
0 0.33828125 0.45703125 0.0234375 0.0109375
0 0.334375 0.44765625 0.028125 0.0125
0 0.4078125 0.48359375 0.021875 0.01875
0 0.29296875 0.42734375 0.028125 0.0125
0 0.2546875 0.3953125 0.021875 0.0109375
0 0.3703125 0.23515625 0.0171875 0.009375
0 0.3921875 0.221875 0.0171875 0.009375
0 0.21015625 0.26015625 0.0203125 0.0109375
0 0.20078125 0.271875 0.0171875 0.009375
0 0.1890625 0.28203125 0.0171875 0.009375
0 0.1890625 0.28984375 0.0109375 0.0109375
0 0.134375 0.3609375 0.0125 0.009375
0 0.12265625 0.37109375 0.0109375 0.0078125
0 0.08828125 0.41796875 0.0125 0.009375
0 0.090625 0.4328125 0.0171875 0.009375
0 0.15625 0.6140625 0.025 0.0125