0 0.134375 0.43125 0.0203125 0.0125
0 0.1453125 0.3859375 0.0171875 0.009375
0 0.14296875 0.4 0.0171875 0.009375
0 0.5640625 0.76640625 0.0328125 0.0125
0 0.57890625 0.784375 0.0390625 0.0171875
0 0.6234375 0.6703125 0.0296875 0.0171875
0 0.4640625 0.5125 0.025 0.015625
0 0.3765625 0.53359375 0.0328125 0.0125
0 0.36171875 0.51328125 0.028125 0.0125
0 0.43828125 0.55234375 0.0375 0.0140625
0 0.296875 0.28515625 0.0171875 0.009375
0 0.29140625 0.29140625 0.0203125 0.009375
0 0.25390625 0.5046875 0.021875 0.0109375
0 0.2671875 0.36875 0.0125 0.0078125
0 0.315625 0.5234375 0.025 0.0109375
0 0.13046875 0.4484375 0.0171875 0.009375
0 0.12578125 0.490625 0.0171875 0.009375
0 0.109375 0.6171875 0.0109375 0.0078125
0 0.1015625 0.60546875 0.0171875 0.009375
0 0.25546875 0.76484375 0.0140625 0.009375