0 0.45859375 0.871875 0.2625 0.1890625
0 0.10703125 0.88203125 0.171875 0.1
0 0.25703125 0.665625 0.2140625 0.16875
0 0.10546875 0.73828125 0.2109375 0.1859375
0 0.0765625 0.5765625 0.153125 0.159375
0 0.03984375 0.38828125 0.075 0.1046875
0 0.42265625 0.5125 0.1515625 0.128125
0 0.55625 0.60859375 0.2078125 0.15625
0 0.553125 0.75859375 0.2078125 0.1578125
0 0.72734375 0.75234375 0.2 0.171875
0 0.290625 0.34140625 0.2203125 0.184375
0 0.3609375 0.12734375 0.1921875 0.175
0 0.1828125 0.07578125 0.19375 0.1515625
0 0.20390625 0.01953125 0.1765625 0.0390625
0 0.10625 0.1703125 0.0921875 0.1125
0 0.68828125 0.428125 0.234375 0.16875
0 0.434375 0.3640625 0.1578125 0.140625
0 0.5234375 0.3546875 0.15625 0.125
0 0.4296875 0.44140625 0.2015625 0.11875
0 0.19296875 0.403125 0.14375 0.11875
0 0.2421875 0.2265625 0.2 0.15625
0 0.13359375 0.471875 0.1546875 0.134375
0 0.28203125 0.4890625 0.1984375 0.1484375
0 0.60859375 0.9578125 0.2296875 0.084375
0 0.840625 0.946875 0.128125 0.10625
0 0.8296875 0.6078125 0.2375 0.1546875
0 0.87265625 0.71328125 0.1875 0.134375
0 0.86640625 0.81796875 0.1453125 0.1140625
0 0.4796875 0.2390625 0.2078125 0.1703125
0 0.72578125 0.31015625 0.3171875 0.209375
0 0.8609375 0.15078125 0.2765625 0.1984375
0 0.89296875 0.425 0.2140625 0.165625