0 0.69375 0.4296875 0.025 0.0109375
0 0.68359375 0.45234375 0.0171875 0.0125
0 0.728125 0.4578125 0.0203125 0.009375
0 0.64140625 0.303125 0.0203125 0.009375
0 0.634375 0.2953125 0.0203125 0.009375
0 0.7640625 0.46484375 0.025 0.0109375
0 0.75234375 0.63125 0.0109375 0.0078125
0 0.76328125 0.62421875 0.0125 0.0078125
0 0.79140625 0.54140625 0.0125 0.0078125
0 0.8640625 0.5390625 0.0125 0.0078125
0 0.8625 0.53046875 0.0125 0.0078125
0 0.8640625 0.515625 0.0125 0.0078125
0 0.88515625 0.40234375 0.0125 0.0078125
0 0.884375 0.39765625 0.0125 0.0078125
0 0.88125 0.39375 0.015625 0.009375