0 0.15390625 0.67890625 0.01953125 0.034375
0 0.57421875 0.5953125 0.01328125 0.0390625
0 0.22109375 0.74921875 0.028125 0.0546875
0 0.43203125 0.90625 0.03984375 0.09765625
0 0.74375 0.70390625 0.0171875 0.03203125
0 0.80390625 0.79375 0.02421875 0.05703125
0 0.75625 0.70859375 0.01328125 0.04609375
0 0.86484375 0.75546875 0.01796875 0.0421875
0 0.89765625 0.6609375 0.0140625 0.034375
0 0.9078125 0.88359375 0.03125 0.08203125
0 0.87109375 0.80546875 0.0234375 0.065625
0 0.859375 0.8640625 0.040625 0.07890625
0 0.97578125 0.690625 0.02265625 0.0390625