0 0.584375 0.36796875 0.18515625 0.11953125
0 0.07421875 0.24375 0.1484375 0.1234375
0 0.32421875 0.15234375 0.16953125 0.11328125
0 0.1984375 0.18515625 0.1421875 0.10625
0 0.19765625 0.459375 0.23046875 0.15
0 0.60390625 0.15234375 0.16640625 0.140625
0 0.465625 0.06484375 0.159375 0.1296875
0 0.65546875 0.0453125 0.1546875 0.0890625
0 0.4828125 0.70234375 0.225 0.09296875
0 0.4046875 0.3796875 0.1203125 0.09609375
0 0.3046875 0.58671875 0.19921875 0.08984375
0 0.4234375 0.459375 0.18046875 0.08046875
0 0.11328125 0.80546875 0.15078125 0.1109375
0 0.75 0.44609375 0.15234375 0.09921875
0 0.60625 0.58671875 0.16484375 0.0890625
0 0.46171875 0.5296875 0.15625 0.07578125
0 0.26328125 0.70703125 0.10859375 0.0921875
0 0.65546875 0.7875 0.221875 0.09765625
0 0.76484375 0.28125 0.15625 0.084375
0 0.446875 0.821875 0.203125 0.11328125
0 0.90859375 0.7015625 0.1828125 0.1109375
0 0.87109375 0.53515625 0.15546875 0.09921875
0 0.89375 0.3609375 0.175 0.09140625
0 0.93046875 0.26328125 0.13828125 0.0984375
0 0.92109375 0.4421875 0.1578125 0.1
0 0.7546875 0.6375 0.13828125 0.09765625