0 0.34765625 0.90625 0.0609375 0.1171875
0 0.16953125 0.6875 0.046875 0.059375
0 0.75625 0.8578125 0.05 0.071875
0 0.85234375 0.965625 0.0515625 0.06875
0 0.93828125 0.77890625 0.0265625 0.040625
0 0.7125 0.75390625 0.0265625 0.04375
0 0.5484375 0.625 0.0265625 0.0640625
0 0.11640625 0.61875 0.0296875 0.046875
0 0.7953125 0.934375 0.0609375 0.08125
0 0.81796875 0.8796875 0.04375 0.0671875
0 0.81953125 0.83046875 0.0296875 0.034375
0 0.7265625 0.7578125 0.0234375 0.0421875
0 0.8703125 0.7375 0.025 0.0375