0 0.21328125 0.15703125 0.2578125 0.1703125
0 0.259375 0.0828125 0.20234375 0.12734375
0 0.06171875 0.203125 0.1234375 0.1125
0 0.0734375 0.35859375 0.146875 0.1109375
0 0.05859375 0.4640625 0.1171875 0.0984375
0 0.04453125 0.68828125 0.08828125 0.08359375
0 0.3640625 0.83203125 0.2265625 0.15703125
0 0.30546875 0.9640625 0.21875 0.07109375
0 0.1375 0.5609375 0.21796875 0.09375
0 0.09140625 0.74453125 0.1828125 0.0953125
0 0.2421875 0.66015625 0.259375 0.11796875
0 0.5625 0.5515625 0.1109375 0.09765625
0 0.275 0.4140625 0.121875 0.10625
0 0.37109375 0.46171875 0.19765625 0.134375
0 0.4796875 0.67578125 0.203125 0.17578125
0 0.52265625 0.73671875 0.2203125 0.07734375
0 0.6796875 0.7765625 0.159375 0.13984375
0 0.68359375 0.9453125 0.1796875 0.109375
0 0.8828125 0.93046875 0.23359375 0.1390625
0 0.83125 0.82421875 0.16015625 0.09453125
0 0.81640625 0.7359375 0.1390625 0.10078125
0 0.45546875 0.34375 0.20625 0.0984375
0 0.46875 0.0859375 0.1640625 0.16015625
0 0.621875 0.03984375 0.146875 0.0796875
0 0.63203125 0.1609375 0.13046875 0.159375
0 0.36640625 0.27578125 0.14453125 0.096875
0 0.4921875 0.23828125 0.1625 0.13125
0 0.6734375 0.2921875 0.14921875 0.11953125
0 0.54375 0.43828125 0.1625 0.1
0 0.65 0.40234375 0.1515625 0.09296875
0 0.934375 0.25859375 0.13046875 0.1453125
0 0.959375 0.371875 0.08125 0.09375
0 0.92109375 0.49609375 0.1578125 0.11484375
0 0.96484375 0.64453125 0.0703125 0.165625