0 0.184375 0.89375 0.1140625 0.04375
0 0.19296875 0.859375 0.159375 0.040625
0 0.4375 0.7734375 0.0953125 0.0328125
0 0.46953125 0.76484375 0.06875 0.0265625
0 0.4328125 0.74296875 0.096875 0.0171875
0 0.42734375 0.678125 0.0859375 0.0265625
0 0.48359375 0.71796875 0.04375 0.0171875
0 0.46328125 0.6734375 0.0484375 0.0203125
0 0.42890625 0.7203125 0.078125 0.0203125
0 0.4109375 0.70859375 0.0890625 0.0234375
0 0.42265625 0.24296875 0.0671875 0.0203125
0 0.42265625 0.2609375 0.0671875 0.025
0 0.459375 0.28203125 0.071875 0.01875
0 0.46640625 0.28828125 0.09375 0.01875
0 0.5125 0.340625 0.08125 0.021875
0 0.54296875 0.32578125 0.0328125 0.015625
0 0.471875 0.328125 0.0765625 0.0203125
0 0.4984375 0.31796875 0.0484375 0.01875
0 0.5265625 0.30859375 0.040625 0.0109375
0 0.46171875 0.30859375 0.0625 0.015625
0 0.62578125 0.4578125 0.0515625 0.015625
0 0.53828125 0.68046875 0.065625 0.0171875
0 0.61640625 0.46640625 0.034375 0.0109375
0 0.60390625 0.390625 0.053125 0.0171875
0 0.6421875 0.403125 0.04375 0.0171875
0 0.66953125 0.6625 0.05 0.015625
0 0.6609375 0.609375 0.046875 0.0140625
0 0.14765625 0.140625 0.1359375 0.040625
0 0.146875 0.09921875 0.1375 0.040625
0 0.03203125 0.05703125 0.0640625 0.0421875
0 0.10859375 0.03984375 0.0984375 0.0390625
0 0.11015625 0.0703125 0.1328125 0.040625
0 0.17578125 0.065625 0.0375 0.0265625