0 0.1671875 0.49375 0.00703125 0.03359375
0 0.3890625 0.5265625 0.009375 0.0375
0 0.36875 0.421875 0.00703125 0.03125
0 0.38671875 0.42421875 0.00625 0.028125
0 0.17890625 0.4796875 0.0109375 0.03359375
0 0.18046875 0.45 0.00625 0.02734375
0 0.1984375 0.446875 0.00625 0.0296875
0 0.203125 0.4453125 0.00625 0.0328125
0 0.48671875 0.57109375 0.0109375 0.0375
0 0.49140625 0.58046875 0.01015625 0.0203125
0 0.375 0.52421875 0.0109375 0.0328125
0 0.146875 0.5109375 0.0203125 0.03359375
0 0.37734375 0.421875 0.00625 0.02421875
0 0.22109375 0.45078125 0.00625 0.028125
0 0.18515625 0.43515625 0.00625 0.02421875
0 0.18125 0.42421875 0.00625 0.02734375