0 0.475 0.65859375 0.0109375 0.0203125
0 0.4875 0.72109375 0.009375 0.025
0 0.48359375 0.71796875 0.009375 0.028125
0 0.44765625 0.678125 0.009375 0.028125
0 0.28828125 0.61875 0.009375 0.025
0 0.27578125 0.61171875 0.009375 0.028125
0 0.2953125 0.80546875 0.0078125 0.01875
0 0.49296875 0.759375 0.0078125 0.0203125
0 0.44921875 0.78671875 0.0078125 0.01875
0 0.440625 0.7875 0.0078125 0.015625
0 0.6734375 0.74921875 0.0078125 0.015625
0 0.68828125 0.73515625 0.0078125 0.0109375
0 0.59765625 0.87421875 0.0078125 0.0109375
0 0.58828125 0.87890625 0.0078125 0.015625
0 0.57890625 0.88046875 0.0078125 0.0125
0 0.575 0.88046875 0.0078125 0.0109375
0 0.43515625 0.92421875 0.0078125 0.0125
0 0.4265625 0.91875 0.0078125 0.01875
0 0.43203125 0.9171875 0.0078125 0.0140625