0 0.29609375 0.175 0.196875 0.165625
0 0.1 0.2734375 0.184375 0.1765625
0 0.0296875 0.3390625 0.059375 0.1375
0 0.29453125 0.4171875 0.209375 0.1640625
0 0.1796875 0.59609375 0.2171875 0.1453125
0 0.49375 0.53203125 0.140625 0.1328125
0 0.3578125 0.496875 0.1640625 0.1171875
0 0.38515625 0.63671875 0.175 0.14375
0 0.39921875 0.94140625 0.2140625 0.1171875
0 0.23203125 0.93671875 0.1921875 0.1265625
0 0.61171875 0.8109375 0.18125 0.165625
0 0.51328125 0.71484375 0.209375 0.1375
0 0.33515625 0.7890625 0.1859375 0.140625
0 0.47421875 0.2328125 0.1921875 0.1421875
0 0.71953125 0.5328125 0.1625 0.13125
0 0.60078125 0.5671875 0.1265625 0.1125
0 0.91171875 0.54375 0.1765625 0.159375
0 0.7640625 0.25546875 0.184375 0.1328125