0 0.18359375 0.23671875 0.1875 0.1
0 0.571875 0.2859375 0.184375 0.1171875
0 0.58046875 0.2046875 0.17890625 0.10390625
0 0.6296875 0.109375 0.159375 0.09453125
0 0.81640625 0.08203125 0.1515625 0.1640625
0 0.9265625 0.15703125 0.14609375 0.17109375
0 0.89921875 0.28203125 0.16015625 0.0796875
0 0.821875 0.3578125 0.1921875 0.090625
0 0.46015625 0.35390625 0.2046875 0.090625
0 0.1109375 0.4765625 0.221875 0.1546875
0 0.28046875 0.43203125 0.16328125 0.12421875
0 0.35078125 0.57265625 0.215625 0.13046875
0 0.15078125 0.6640625 0.14140625 0.1609375
0 0.0625 0.94140625 0.125 0.1171875
0 0.221875 0.8234375 0.1875 0.12578125
0 0.4125 0.72109375 0.146875 0.1328125
0 0.471875 0.903125 0.14765625 0.12265625
0 0.6359375 0.9078125 0.153125 0.09375
0 0.8953125 0.9375 0.20078125 0.125
0 0.72578125 0.82578125 0.1640625 0.0796875
0 0.66484375 0.70078125 0.18046875 0.11015625
0 0.5828125 0.80703125 0.1578125 0.09453125
0 0.55546875 0.6046875 0.17734375 0.075
0 0.653125 0.528125 0.1265625 0.084375
0 0.84140625 0.68671875 0.14453125 0.17421875
0 0.77734375 0.440625 0.153125 0.09765625
0 0.6421875 0.4125 0.1421875 0.1421875
0 0.2765625 0.94609375 0.26796875 0.10703125
0 0.91796875 0.46875 0.16328125 0.11328125