0 0.3859375 0.7609375 0.02734375 0.0484375
0 0.15234375 0.9546875 0.03515625 0.0546875
0 0.12109375 0.93125 0.0296875 0.0390625
0 0.1046875 0.89921875 0.01953125 0.0359375
0 0.23515625 0.90390625 0.0203125 0.0375
0 0.24765625 0.940625 0.0328125 0.034375
0 0.278125 0.95390625 0.03125 0.0515625
0 0.5703125 0.67109375 0.021875 0.04609375
0 0.46875 0.67890625 0.02421875 0.034375
0 0.41875 0.72421875 0.025 0.03125
0 0.50703125 0.74609375 0.0265625 0.04609375
0 0.6921875 0.778125 0.02578125 0.0421875
0 0.6234375 0.65546875 0.02734375 0.03828125
0 0.596875 0.7296875 0.028125 0.0296875
0 0.62109375 0.74375 0.03203125 0.0390625
0 0.64921875 0.75234375 0.03046875 0.0484375
0 0.1828125 0.82734375 0.0328125 0.03984375
0 0.77578125 0.671875 0.03984375 0.03984375
0 0.80234375 0.68359375 0.021875 0.02890625
0 0.47421875 0.58359375 0.02578125 0.03125
0 0.49453125 0.4890625 0.02265625 0.034375
0 0.465625 0.6109375 0.03046875 0.0359375
0 0.3609375 0.70234375 0.0234375 0.03046875
0 0.375 0.71875 0.0234375 0.03046875
0 0.4640625 0.75390625 0.025 0.046875
0 0.48515625 0.73359375 0.02109375 0.04609375
0 0.26875 0.8046875 0.0375 0.03125
0 0.259375 0.84375 0.03515625 0.03359375
0 0.60859375 0.36484375 0.02421875 0.0390625
0 0.30703125 0.71953125 0.0296875 0.034375
0 0.6 0.61015625 0.01953125 0.0296875
0 0.609375 0.5921875 0.02890625 0.02578125
0 0.6640625 0.4828125 0.0265625 0.03203125
0 0.63125 0.41640625 0.02109375 0.028125
0 0.6359375 0.3640625 0.02421875 0.0390625
0 0.65546875 0.4 0.01953125 0.03125
0 0.61953125 0.46015625 0.025 0.02421875
0 0.5140625 0.5203125 0.01875 0.0265625
0 0.609375 0.69453125 0.01875 0.02890625
0 0.75 0.58984375 0.03828125 0.03359375
0 0.765625 0.53125 0.0296875 0.040625
0 0.88359375 0.5953125 0.03203125 0.0265625
0 0.71640625 0.81796875 0.02734375 0.03828125
0 0.6890625 0.678125 0.028125 0.03359375
0 0.68984375 0.6421875 0.02734375 0.0328125
0 0.6625 0.62734375 0.02109375 0.0375
0 0.68359375 0.59765625 0.0203125 0.0296875
0 0.671875 0.59296875 0.01796875 0.028125
0 0.8625 0.54375 0.03203125 0.0328125
0 0.72421875 0.49296875 0.028125 0.02734375
0 0.75 0.4921875 0.025 0.034375
0 0.51796875 0.23515625 0.025 0.04453125
0 0.459375 0.0921875 0.0234375 0.040625
0 0.5125 0.06484375 0.025 0.04453125
0 0.55 0.05390625 0.02109375 0.0359375
0 0.53203125 0.01484375 0.0265625 0.0296875
0 0.53359375 0.1328125 0.021875 0.040625
0 0.603125 0.071875 0.025 0.02890625
0 0.58125 0.0859375 0.02109375 0.0234375
0 0.5328125 0.2984375 0.01953125 0.025
0 0.54453125 0.2921875 0.0140625 0.03125
0 0.5796875 0.2484375 0.0203125 0.0328125
0 0.6015625 0.25703125 0.02265625 0.03515625
0 0.50859375 0.45859375 0.02265625 0.0359375
0 0.5171875 0.49453125 0.0234375 0.0375
0 0.528125 0.46640625 0.02109375 0.03671875
0 0.52421875 0.38828125 0.0171875 0.03046875
0 0.86484375 0.47265625 0.040625 0.04609375
0 0.81796875 0.24765625 0.02578125 0.03046875
0 0.71171875 0.27109375 0.0203125 0.025
0 0.85703125 0.309375 0.0328125 0.04375
0 0.88515625 0.3328125 0.02734375 0.03203125
0 0.63671875 0.3046875 0.02109375 0.025
0 0.70625 0.4359375 0.02890625 0.0359375
0 0.8625 0.1359375 0.02578125 0.04453125
0 0.934375 0.14921875 0.025 0.04140625
0 0.74609375 0.39375 0.0265625 0.0359375
0 0.7546875 0.3484375 0.025 0.03359375
0 0.73046875 0.3140625 0.0203125 0.0296875
0 0.76953125 0.4359375 0.0296875 0.03046875
0 0.7890625 0.4171875 0.0234375 0.02734375
0 0.81015625 0.43515625 0.028125 0.0390625
0 0.95078125 0.43359375 0.03203125 0.03515625
0 0.9671875 0.5953125 0.0390625 0.0265625