0 0.39375 0.16484375 0.0453125 0.0375
0 0.39296875 0.2609375 0.0328125 0.03125
0 0.23203125 0.25859375 0.0515625 0.0578125
0 0.12578125 0.24765625 0.0625 0.0796875
0 0.07578125 0.53828125 0.0671875 0.0515625
0 0.1125 0.4890625 0.059375 0.046875
0 0.25546875 0.378125 0.04375 0.0515625
0 0.27578125 0.42421875 0.0390625 0.0328125
0 0.28125 0.628125 0.0359375 0.03125
0 0.2171875 0.52421875 0.0625 0.0453125
0 0.178125 0.5546875 0.0515625 0.0359375
0 0.17421875 0.62734375 0.0484375 0.0359375
0 0.02734375 0.45625 0.0546875 0.05
0 0.28046875 0.578125 0.0390625 0.0296875
0 0.26640625 0.6078125 0.0390625 0.0296875
0 0.246875 0.5875 0.05 0.040625
0 0.3125 0.67890625 0.028125 0.025
0 0.28671875 0.69921875 0.04375 0.03125
0 0.225 0.721875 0.040625 0.028125
0 0.2234375 0.74453125 0.059375 0.0421875
0 0.2515625 0.703125 0.0421875 0.0296875