0 0.734375 0.39765625 0.0203125 0.0359375
0 0.753125 0.39609375 0.021875 0.04375
0 0.4828125 0.43515625 0.015625 0.021875
0 0.4203125 0.3125 0.0171875 0.025
0 0.45625 0.35859375 0.0140625 0.028125
0 0.4421875 0.35703125 0.015625 0.0328125
0 0.2140625 0.421875 0.0109375 0.0171875
0 0.2171875 0.40390625 0.009375 0.0125
0 0.27578125 0.3515625 0.0125 0.0203125
0 0.234375 0.23984375 0.009375 0.0125
0 0.2390625 0.22578125 0.0109375 0.015625
0 0.26015625 0.21015625 0.0140625 0.0171875
0 0.38203125 0.2734375 0.0109375 0.0171875
0 0.2953125 0.3109375 0.0140625 0.025
0 0.28125 0.1953125 0.009375 0.0109375
0 0.390625 0.0984375 0.0125 0.0203125
0 0.40625 0.103125 0.0125 0.0203125
0 0.60234375 0.15703125 0.0125 0.0203125