0 0.51640625 0.94140625 0.01171875 0.03515625
0 0.421875 0.96875 0.00859375 0.03984375
0 0.53046875 0.990625 0.0078125 0.01875
0 0.2921875 0.975 0.0109375 0.028125
0 0.303125 0.9640625 0.01171875 0.02734375
0 0.34296875 0.9234375 0.0140625 0.02578125
0 0.3171875 0.9578125 0.0109375 0.0203125
0 0.47109375 0.78671875 0.01015625 0.0328125
0 0.4046875 0.87890625 0.01015625 0.02421875
0 0.59609375 0.91171875 0.00859375 0.034375
0 0.65546875 0.990625 0.0078125 0.01875
0 0.56484375 0.73828125 0.00859375 0.0359375
0 0.68046875 0.95 0.01171875 0.0265625
0 0.75859375 0.93984375 0.0125 0.02578125
0 0.7421875 0.9578125 0.0078125 0.03046875
0 0.7484375 0.959375 0.0078125 0.0296875
0 0.734375 0.95546875 0.0078125 0.03046875
0 0.69453125 0.9640625 0.009375 0.03515625
0 0.6859375 0.9546875 0.0078125 0.03046875
0 0.6359375 0.98984375 0.009375 0.0203125
0 0.66640625 0.98984375 0.0109375 0.01953125
0 0.6453125 0.9921875 0.00859375 0.015625
0 0.534375 0.58203125 0.0109375 0.02578125
0 0.525 0.5796875 0.0109375 0.02421875
0 0.56953125 0.7046875 0.0078125 0.02265625
0 0.52578125 0.6 0.009375 0.0234375
0 0.4125 0.5109375 0.009375 0.0359375
0 0.5203125 0.515625 0.009375 0.028125
0 0.475 0.471875 0.01015625 0.03125
0 0.515625 0.48984375 0.00859375 0.02734375
0 0.50703125 0.478125 0.009375 0.02265625
0 0.40859375 0.415625 0.00859375 0.02890625
0 0.50703125 0.45 0.00625 0.01796875
0 0.41875 0.41015625 0.01015625 0.025
0 0.484375 0.35703125 0.01015625 0.02421875