0 0.52890625 0.29609375 0.00625 0.025
0 0.50859375 0.31015625 0.01015625 0.01484375
0 0.49375 0.26796875 0.00625 0.01953125
0 0.66328125 0.32109375 0.00625 0.01953125
0 0.671875 0.32578125 0.00625 0.01953125
0 0.4796875 0.234375 0.00625 0.0234375
0 0.31953125 0.28046875 0.00625 0.01015625
0 0.3234375 0.26796875 0.00625 0.0109375
0 0.39921875 0.2234375 0.00625 0.0109375
0 0.3859375 0.15234375 0.00625 0.0109375
0 0.39453125 0.1515625 0.00625 0.0109375
0 0.40859375 0.146875 0.00625 0.0109375
0 0.515625 0.103125 0.00546875 0.0109375
0 0.5203125 0.10234375 0.00625 0.0109375
0 0.52421875 0.1046875 0.00625 0.0140625