0 0.82109375 0.284375 0.121875 0.2265625
0 0.23203125 0.86171875 0.1296875 0.1734375
0 0.1765625 0.72265625 0.128125 0.1453125
0 0.13515625 0.58984375 0.125 0.14375
0 0.11875 0.32578125 0.115625 0.15625
0 0.20390625 0.13984375 0.1453125 0.19375
0 0.44453125 0.5515625 0.1078125 0.184375
0 0.35703125 0.08671875 0.1078125 0.1609375
0 0.36484375 0.48984375 0.1015625 0.171875
0 0.2859375 0.9609375 0.1125 0.078125
0 0.43984375 0.9375 0.0953125 0.125
0 0.4609375 0.7578125 0.1296875 0.2109375
0 0.29375 0.3375 0.128125 0.1890625
0 0.778125 0.87890625 0.0875 0.1828125
0 0.5625 0.640625 0.1015625 0.175
0 0.67890625 0.7234375 0.084375 0.146875
0 0.6703125 0.5203125 0.1125 0.271875
0 0.81640625 0.75 0.1046875 0.165625
0 0.81171875 0.54375 0.1515625 0.2390625
0 0.73203125 0.12421875 0.115625 0.225
0 0.5734375 0.4671875 0.1078125 0.159375
0 0.55859375 0.29453125 0.1375 0.1859375
0 0.44921875 0.20703125 0.1125 0.1625
0 0.5453125 0.1328125 0.0875 0.14375
0 0.6375 0.16953125 0.096875 0.1625