0 0.68515625 0.28359375 0.040625 0.0546875
0 0.965625 0.1671875 0.0484375 0.0625
0 0.984375 0.19765625 0.03125 0.0453125
0 0.98984375 0.2328125 0.0203125 0.040625
0 0.87109375 0.19140625 0.0296875 0.0421875
0 0.8703125 0.15234375 0.0421875 0.0421875
0 0.84453125 0.13046875 0.0453125 0.0578125
0 0.4828125 0.315625 0.034375 0.0515625
0 0.58203125 0.33828125 0.034375 0.040625
0 0.64296875 0.309375 0.0328125 0.0375
0 0.56484375 0.2625 0.0390625 0.053125
0 0.39765625 0.178125 0.0359375 0.046875
0 0.42734375 0.315625 0.0375 0.04375
0 0.47421875 0.25234375 0.0359375 0.0359375
0 0.45546875 0.23125 0.040625 0.046875
0 0.43125 0.21484375 0.04375 0.0546875
0 0.89921875 0.2796875 0.04375 0.0484375
0 0.28671875 0.2546875 0.05 0.05
0 0.26484375 0.2359375 0.0296875 0.0328125
0 0.54921875 0.42734375 0.0328125 0.0375
0 0.50234375 0.51171875 0.03125 0.0390625
0 0.565625 0.40390625 0.040625 0.04375
0 0.6921875 0.346875 0.03125 0.0375
0 0.68359375 0.32734375 0.03125 0.0375
0 0.60859375 0.26796875 0.0375 0.0515625
0 0.5828125 0.28125 0.034375 0.0515625
0 0.81015625 0.2765625 0.0453125 0.040625
0 0.83046875 0.24140625 0.0421875 0.0421875
0 0.35625 0.59765625 0.0359375 0.0453125
0 0.7484375 0.34609375 0.0390625 0.0421875
0 0.43671875 0.365625 0.0265625 0.034375
0 0.42265625 0.3796875 0.034375 0.0328125
0 0.33828125 0.46875 0.034375 0.0375
0 0.35 0.54140625 0.0296875 0.0328125
0 0.33046875 0.590625 0.0359375 0.0453125
0 0.321875 0.55 0.0265625 0.0359375
0 0.37421875 0.503125 0.03125 0.03125
0 0.4921875 0.4765625 0.025 0.03125
0 0.45234375 0.28203125 0.0265625 0.0328125
0 0.2875 0.340625 0.0453125 0.04375
0 0.25546875 0.3921875 0.040625 0.046875
0 0.1609375 0.296875 0.0375 0.034375
0 0.3859375 0.1328125 0.0375 0.04375
0 0.37109375 0.27421875 0.0375 0.040625
0 0.36015625 0.30859375 0.0359375 0.0390625
0 0.38203125 0.33046875 0.03125 0.0421875
0 0.353125 0.353125 0.028125 0.034375
0 0.3625 0.3609375 0.0265625 0.0328125
0 0.16640625 0.35234375 0.0390625 0.040625
0 0.28359375 0.44140625 0.034375 0.034375
0 0.25859375 0.434375 0.034375 0.040625
0 0.40546875 0.74765625 0.0359375 0.0484375
0 0.41953125 0.9015625 0.034375 0.0453125
0 0.3609375 0.9125 0.0359375 0.0484375
0 0.321875 0.91171875 0.03125 0.040625
0 0.32734375 0.9546875 0.034375 0.0359375
0 0.36015625 0.84140625 0.0328125 0.0453125
0 0.2765625 0.87890625 0.0328125 0.034375
0 0.3015625 0.871875 0.028125 0.028125
0 0.409375 0.6828125 0.025 0.0296875
0 0.396875 0.6859375 0.021875 0.034375
0 0.35 0.7171875 0.0296875 0.0375
0 0.33203125 0.70234375 0.03125 0.0390625
0 0.4796875 0.53671875 0.03125 0.040625
0 0.48203125 0.5 0.0328125 0.0421875
0 0.46328125 0.52421875 0.03125 0.0421875
0 0.44453125 0.6 0.025 0.034375
0 0.14296875 0.41953125 0.053125 0.05625
0 0.121875 0.6484375 0.0328125 0.0375
0 0.23046875 0.65703125 0.0265625 0.0296875
0 0.103125 0.578125 0.04375 0.0515625
0 0.0828125 0.54765625 0.0359375 0.0375
0 0.3125 0.646875 0.028125 0.0296875
0 0.284375 0.50078125 0.0375 0.0421875
0 0.046875 0.7421875 0.0359375 0.0484375
0 0.23359375 0.5296875 0.0359375 0.0421875
0 0.2125 0.5703125 0.034375 0.040625
0 0.225 0.61015625 0.028125 0.034375
0 0.2234375 0.4828125 0.0375 0.0390625
0 0.19921875 0.49453125 0.03125 0.034375
0 0.184375 0.47109375 0.0390625 0.0453125
0 0.04921875 0.43203125 0.040625 0.0421875
0 0.08125 0.271875 0.0453125 0.0375