0 0.25 0.91953125 0.0203125 0.0390625
0 0.33203125 0.92421875 0.02421875 0.03984375
0 0.2234375 0.8390625 0.025 0.04140625
0 0.246875 0.8609375 0.0328125 0.03203125
0 0.30859375 0.775 0.028125 0.03515625
0 0.334375 0.83203125 0.021875 0.034375
0 0.34921875 0.86640625 0.02109375 0.03828125
0 0.38203125 0.9015625 0.02421875 0.03203125
0 0.37890625 0.871875 0.01953125 0.0328125
0 0.3859375 0.73515625 0.02421875 0.034375
0 0.57890625 0.7234375 0.0171875 0.03046875
0 0.52265625 0.96328125 0.021875 0.04296875
0 0.38828125 0.7828125 0.0203125 0.025
0 0.4 0.8125 0.0203125 0.03203125
0 0.42109375 0.60390625 0.0171875 0.0265625
0 0.44140625 0.5734375 0.0125 0.025
0 0.4546875 0.57421875 0.01484375 0.025
0 0.47109375 0.55859375 0.01640625 0.025
0 0.46875 0.62265625 0.0203125 0.02578125
0 0.50859375 0.59921875 0.02109375 0.03046875
0 0.5 0.5484375 0.021875 0.01875
0 0.50390625 0.5296875 0.0203125 0.0296875
0 0.58984375 0.65546875 0.01953125 0.025
0 0.61484375 0.6578125 0.0296875 0.0375
0 0.7140625 0.6296875 0.021875 0.02734375
0 0.78984375 0.646875 0.0296875 0.0359375
0 0.765625 0.621875 0.0328125 0.028125
0 0.66328125 0.61875 0.0171875 0.02265625
0 0.68984375 0.6015625 0.025 0.03125
0 0.75859375 0.425 0.025 0.034375
0 0.77421875 0.4546875 0.021875 0.02578125
0 0.859375 0.42421875 0.02734375 0.04765625
0 0.79453125 0.475 0.021875 0.02734375
0 0.83046875 0.43203125 0.021875 0.0234375
0 0.81953125 0.4546875 0.025 0.02890625
0 0.671875 0.515625 0.01796875 0.02734375
0 0.72109375 0.5234375 0.01796875 0.0265625
0 0.69765625 0.5171875 0.02265625 0.03203125
0 0.6375 0.446875 0.02109375 0.0234375
0 0.66328125 0.4625 0.0109375 0.0203125
0 0.646875 0.41484375 0.02109375 0.03984375
0 0.721875 0.46953125 0.0171875 0.0203125
0 0.615625 0.5328125 0.01953125 0.02890625
0 0.646875 0.56640625 0.0203125 0.04140625
0 0.64140625 0.51171875 0.0171875 0.03515625
0 0.92890625 0.5796875 0.02578125 0.03828125
0 0.96171875 0.44765625 0.02421875 0.028125
0 0.87578125 0.30078125 0.03046875 0.0453125
0 0.88671875 0.36171875 0.02890625 0.03359375
0 0.821875 0.27265625 0.021875 0.0234375
0 0.86484375 0.12109375 0.021875 0.0421875
0 0.878125 0.12578125 0.01875 0.03984375
0 0.4078125 0.15546875 0.01953125 0.03203125
0 0.45859375 0.19609375 0.01796875 0.0453125
0 0.52734375 0.08203125 0.02109375 0.03671875
0 0.53359375 0.19140625 0.01796875 0.03203125
0 0.52265625 0.021875 0.02109375 0.02734375
0 0.58125 0.0796875 0.0171875 0.04296875
0 0.59609375 0.06796875 0.0171875 0.02265625
0 0.54375 0.271875 0.01875 0.0234375
0 0.57109375 0.19140625 0.01875 0.03125
0 0.5921875 0.27109375 0.01640625 0.03125
0 0.60859375 0.265625 0.01796875 0.02109375
0 0.625 0.309375 0.02265625 0.03359375
0 0.6375 0.3234375 0.01875 0.0359375
0 0.64609375 0.26796875 0.01796875 0.02421875
0 0.63203125 0.25390625 0.01640625 0.01875
0 0.5109375 0.48125 0.015625 0.03125
0 0.534375 0.4671875 0.0171875 0.02421875
0 0.5203125 0.4515625 0.0203125 0.0328125
0 0.5203125 0.415625 0.034375 0.02421875
0 0.5265625 0.34296875 0.021875 0.02421875
0 0.625 0.37109375 0.02265625 0.03046875
0 0.5890625 0.34296875 0.02421875 0.02421875
0 0.6046875 0.31875 0.01796875 0.0328125
0 0.75859375 0.2859375 0.02265625 0.02890625
0 0.75078125 0.31953125 0.02265625 0.028125
0 0.76171875 0.3515625 0.02734375 0.0265625