0 0.7546875 0.475 0.01015625 0.03359375
0 0.77265625 0.4796875 0.01015625 0.0421875
0 0.50390625 0.4328125 0.01015625 0.0203125
0 0.48203125 0.296875 0.0109375 0.0234375
0 0.50234375 0.35234375 0.00625 0.02734375
0 0.4890625 0.34609375 0.00625 0.0328125
0 0.25234375 0.3375 0.00625 0.015625
0 0.2609375 0.32109375 0.00546875 0.0109375
0 0.3328125 0.28984375 0.00546875 0.01875
0 0.328125 0.1703125 0.00625 0.0109375
0 0.33671875 0.15859375 0.00625 0.0140625
0 0.36171875 0.15 0.01015625 0.01484375
0 0.4578125 0.2484375 0.00625 0.01640625
0 0.3640625 0.25703125 0.00625 0.025
0 0.3859375 0.14296875 0.00625 0.01015625
0 0.5203125 0.084375 0.00625 0.01875
0 0.53359375 0.09375 0.00625 0.01953125
0 0.703125 0.20546875 0.00546875 0.01875