0 0.4140625 0.58515625 0.015625 0.03125
0 0.77109375 0.703125 0.015625 0.0265625
0 0.928125 0.778125 0.03125 0.040625
0 0.6984375 0.76015625 0.04375 0.0484375
0 0.4921875 0.803125 0.0375 0.0640625
0 0.27734375 0.6390625 0.0203125 0.034375
0 0.14140625 0.59453125 0.0171875 0.0359375
0 0.07578125 0.6140625 0.0203125 0.0484375
0 0.42890625 0.865625 0.0984375 0.0671875
0 0.26875 0.646875 0.0140625 0.0328125
0 0.23046875 0.70546875 0.025 0.0578125
0 0.17578125 0.66640625 0.0171875 0.0390625
0 0.1796875 0.6953125 0.025 0.046875
0 0.1875 0.734375 0.025 0.040625
0 0.16484375 0.74375 0.0296875 0.0453125
0 0.23125 0.86640625 0.0453125 0.0734375
0 0.1765625 0.9296875 0.0734375 0.059375