0 0.04609375 0.10625 0.0921875 0.0375
0 0.0609375 0.12421875 0.121875 0.0421875
0 0.2796875 0.828125 0.109375 0.040625
0 0.28203125 0.7703125 0.1125 0.0390625
0 0.29296875 0.20234375 0.1234375 0.03125
0 0.28046875 0.17890625 0.1015625 0.0359375
0 0.4875 0.24921875 0.0609375 0.025
0 0.4671875 0.24765625 0.0671875 0.025
0 0.17734375 0.85703125 0.1171875 0.028125
0 0.31328125 0.790625 0.1140625 0.028125
0 0.29765625 0.81015625 0.1203125 0.0375
0 0.16015625 0.83515625 0.0953125 0.0296875
0 0.221875 0.83359375 0.0390625 0.0265625
0 0.1625 0.81484375 0.0640625 0.034375
0 0.04453125 0.84765625 0.05625 0.03125
0 0.46015625 0.26953125 0.08125 0.0203125
0 0.45 0.27890625 0.078125 0.0203125
0 0.46015625 0.2921875 0.0703125 0.01875
0 0.46484375 0.30234375 0.0484375 0.0203125
0 0.4078125 0.30859375 0.0828125 0.0265625
0 0.509375 0.29609375 0.0296875 0.0203125
0 0.46875 0.32578125 0.084375 0.0203125
0 0.4671875 0.31796875 0.06875 0.021875
0 0.546875 0.3140625 0.0625 0.015625
0 0.62109375 0.3921875 0.028125 0.0140625
0 0.64375 0.36484375 0.0375 0.0109375
0 0.63046875 0.32109375 0.05 0.01875
0 0.6671875 0.31875 0.028125 0.009375
0 0.6078125 0.3109375 0.04375 0.0140625
0 0.67578125 0.32734375 0.0375 0.0125
0 0.6671875 0.3984375 0.025 0.0109375
0 0.70546875 0.39296875 0.021875 0.0078125
0 0.7109375 0.4046875 0.021875 0.0140625
0 0.6453125 0.34921875 0.034375 0.0140625
0 0.6859375 0.33984375 0.0328125 0.009375
0 0.49921875 0.68515625 0.05 0.01875
0 0.546875 0.6125 0.05625 0.015625
0 0.5265625 0.61875 0.059375 0.015625
0 0.509375 0.63515625 0.06875 0.01875
0 0.50546875 0.64765625 0.065625 0.01875
0 0.54375 0.62890625 0.065625 0.01875
0 0.5875 0.6171875 0.0296875 0.0171875
0 0.57421875 0.63203125 0.0265625 0.0125
0 0.63125 0.5796875 0.046875 0.0140625
0 0.6078125 0.5859375 0.046875 0.0125
0 0.6296875 0.5546875 0.0453125 0.015625
0 0.625 0.5609375 0.040625 0.0125
0 0.64609375 0.5078125 0.040625 0.0109375
0 0.64296875 0.50078125 0.028125 0.0125
0 0.73671875 0.4625 0.025 0.0109375
0 0.7453125 0.359375 0.028125 0.009375
0 0.76015625 0.434375 0.025 0.0078125
0 0.69140625 0.5328125 0.040625 0.0109375