0 0.42421875 0.58046875 0.1375 0.1671875
0 0.08515625 0.44296875 0.1703125 0.2203125
0 0.134375 0.26015625 0.1765625 0.1890625
0 0.09140625 0.6203125 0.1796875 0.165625
0 0.109375 0.74609375 0.1453125 0.1546875
0 0.1296875 0.853125 0.2 0.1546875
0 0.30703125 0.60234375 0.1453125 0.19375
0 0.24453125 0.328125 0.16875 0.225
0 0.7046875 0.94453125 0.15 0.1109375
0 0.46796875 0.1 0.128125 0.16875
0 0.38203125 0.80078125 0.19375 0.2359375
0 0.5328125 0.67578125 0.128125 0.16875
0 0.69296875 0.6109375 0.18125 0.2203125
0 0.64140625 0.1390625 0.1625 0.196875
0 0.628125 0.83125 0.1453125 0.1828125
0 0.82265625 0.396875 0.13125 0.1625
0 0.821875 0.64375 0.1515625 0.1765625
0 0.4234375 0.39453125 0.1671875 0.2109375
0 0.371875 0.221875 0.1828125 0.215625
0 0.40625 0.0484375 0.13125 0.096875
0 0.68828125 0.2859375 0.1234375 0.1375
0 0.79453125 0.1515625 0.1421875 0.1484375