0 0.4390625 0.04140625 0.0265625 0.04375
0 0.56015625 0.00625 0.0234375 0.0125
0 0.55 0.0125 0.021875 0.025
0 0.528125 0.05859375 0.021875 0.034375
0 0.5421875 0.05078125 0.0234375 0.0296875
0 0.34140625 0.0421875 0.01875 0.0328125
0 0.24453125 0.08046875 0.0171875 0.0296875
0 0.23203125 0.071875 0.0171875 0.0265625
0 0.22265625 0.075 0.01875 0.028125
0 0.23359375 0.09375 0.0171875 0.03125
0 0.21484375 0.078125 0.015625 0.0265625
0 0.2109375 0.08125 0.01875 0.03125
0 0.2109375 0.09609375 0.0171875 0.0296875
0 0.20703125 0.12890625 0.0203125 0.0328125
0 0.1375 0.16328125 0.01875 0.0328125
0 0.14140625 0.14296875 0.01875 0.034375
0 0.153125 0.14296875 0.0203125 0.0328125
0 0.0875 0.1484375 0.0203125 0.03125
0 0.35 0.2765625 0.0203125 0.0390625
0 0.44296875 0.19921875 0.015625 0.0265625
0 0.37890625 0.3265625 0.015625 0.0265625
0 0.375 0.296875 0.021875 0.0375
0 0.45 0.434375 0.0171875 0.03125
0 0.4578125 0.43125 0.0203125 0.0328125
0 0.48046875 0.490625 0.0171875 0.0296875
0 0.58515625 0.46484375 0.0203125 0.0328125
0 0.60546875 0.54609375 0.015625 0.0265625
0 0.51171875 0.54765625 0.015625 0.0265625
0 0.61484375 0.54765625 0.01875 0.0296875
0 0.50390625 0.5203125 0.0203125 0.03125
0 0.5421875 0.60078125 0.0171875 0.0265625
0 0.66875 0.71015625 0.015625 0.0265625
0 0.55859375 0.621875 0.0203125 0.0359375
0 0.55 0.628125 0.0171875 0.028125
0 0.5328125 0.571875 0.015625 0.0265625
0 0.36328125 0.0921875 0.0203125 0.0390625