0 0.44296875 0.4296875 0.225 0.140625
0 0.540625 0.3 0.1609375 0.11875
0 0.06171875 0.2875 0.0828125 0.1171875
0 0.25390625 0.375 0.209375 0.146875
0 0.1484375 0.453125 0.24375 0.1734375
0 0.73046875 0.91953125 0.2390625 0.1609375
0 0.80546875 0.96171875 0.1953125 0.0765625
0 0.603125 0.953125 0.165625 0.09375
0 0.3796875 0.94296875 0.240625 0.1140625
0 0.2359375 0.8875 0.1578125 0.1390625
0 0.26640625 0.78984375 0.2 0.125
0 0.15625 0.6328125 0.2328125 0.1578125
0 0.025 0.50234375 0.05 0.1078125
0 0.0921875 0.5640625 0.184375 0.1125
0 0.4015625 0.57578125 0.1921875 0.1109375
0 0.284375 0.6953125 0.1375 0.1125
0 0.5828125 0.640625 0.190625 0.128125
0 0.64375 0.75 0.1640625 0.121875
0 0.8859375 0.8140625 0.1484375 0.1015625
0 0.834375 0.703125 0.1703125 0.1265625
0 0.9609375 0.23671875 0.078125 0.1234375
0 0.7296875 0.31796875 0.1921875 0.1328125
0 0.765625 0.42890625 0.1765625 0.146875
0 0.94453125 0.48125 0.1109375 0.09375
0 0.83515625 0.56640625 0.1796875 0.10625