0 0.84453125 0.35078125 0.215625 0.14375
0 0.8359375 0.421875 0.171875 0.125
0 0.9640625 0.57734375 0.071875 0.1046875
0 0.8546875 0.55 0.2015625 0.128125
0 0.66875 0.575 0.190625 0.1421875
0 0.63828125 0.63203125 0.184375 0.1125
0 0.671875 0.49296875 0.2234375 0.1140625
0 0.58359375 0.43046875 0.1640625 0.121875
0 0.6859375 0.346875 0.1734375 0.159375
0 0.9703125 0.88359375 0.059375 0.1015625
0 0.8625 0.753125 0.2171875 0.1609375
0 0.7609375 0.68125 0.1796875 0.1421875
0 0.4859375 0.7875 0.3 0.1890625
0 0.178125 0.95546875 0.228125 0.0890625
0 0.07890625 0.8359375 0.078125 0.109375
0 0.2546875 0.72578125 0.1984375 0.1375
0 0.41640625 0.63671875 0.2234375 0.1671875
0 0.853125 0.18203125 0.2171875 0.1359375
0 0.6265625 0.215625 0.225 0.1328125
0 0.7578125 0.08046875 0.290625 0.1609375
0 0.921875 0.1125 0.059375 0.0953125
0 0.61015625 0.0125 0.1609375 0.025
0 0.4046875 0.16484375 0.225 0.1921875
0 0.36171875 0.2828125 0.20625 0.175
0 0.46328125 0.35234375 0.2375 0.15625
0 0.2421875 0.38984375 0.19375 0.1625
0 0.1375 0.5046875 0.2546875 0.14375
0 0.05546875 0.48671875 0.1109375 0.0921875
0 0.05625 0.37578125 0.1125 0.1015625
0 0.0078125 0.271875 0.015625 0.08125
0 0.134375 0.1484375 0.2046875 0.15625