0 0.490625 0.628125 0.0390625 0.021875
0 0.49453125 0.6125 0.0390625 0.01875
0 0.565625 0.534375 0.0453125 0.0203125
0 0.57890625 0.52734375 0.0296875 0.0140625
0 0.4140625 0.84453125 0.0421875 0.025
0 0.4046875 0.81484375 0.0359375 0.0171875
0 0.39140625 0.80390625 0.0359375 0.0203125
0 0.36640625 0.753125 0.0328125 0.0171875
0 0.36015625 0.79453125 0.0296875 0.015625
0 0.36015625 0.76953125 0.028125 0.015625
0 0.36171875 0.77890625 0.028125 0.0140625
0 0.33125 0.7859375 0.028125 0.0140625
0 0.38046875 0.60859375 0.0265625 0.0140625
0 0.37890625 0.5984375 0.0234375 0.0109375
0 0.3828125 0.58671875 0.025 0.0125