0 0.12109375 0.9375 0.0203125 0.053125
0 0.20625 0.8828125 0.02265625 0.05
0 0.27265625 0.67890625 0.01640625 0.01953125
0 0.09765625 0.7921875 0.02890625 0.0203125
0 0.2265625 0.7890625 0.015625 0.02578125
0 0.3375 0.659375 0.01796875 0.01328125
0 0.525 0.6265625 0.00859375 0.02265625
0 0.37265625 0.7546875 0.01484375 0.02734375
0 0.265625 0.84609375 0.03125 0.02578125
0 0.37109375 0.69453125 0.01640625 0.0171875
0 0.4234375 0.728125 0.025 0.02578125
0 0.47578125 0.7109375 0.01640625 0.02421875
0 0.35546875 0.83125 0.0296875 0.0234375
0 0.3953125 0.79296875 0.01171875 0.025
0 0.5484375 0.79140625 0.01875 0.028125
0 0.575 0.8015625 0.01484375 0.02578125
0 0.52890625 0.825 0.01484375 0.03125
0 0.5328125 0.84375 0.01875 0.02890625
0 0.83515625 0.80390625 0.01484375 0.028125
0 0.98046875 0.7015625 0.01171875 0.028125
0 0.5875 0.68671875 0.01328125 0.02265625
0 0.553125 0.72890625 0.0234375 0.0203125
0 0.56640625 0.74453125 0.02265625 0.0171875
0 0.59140625 0.6609375 0.021875 0.01640625
0 0.66796875 0.640625 0.0109375 0.02421875
0 0.5859375 0.7546875 0.02109375 0.01640625
0 0.62890625 0.74375 0.01484375 0.02578125
0 0.675 0.8109375 0.03671875 0.021875
0 0.7109375 0.68671875 0.01796875 0.0234375
0 0.60859375 0.6921875 0.01328125 0.028125
0 0.59609375 0.7 0.01484375 0.0234375