0 0.659375 0.9609375 0.05703125 0.078125
0 0.1953125 0.77578125 0.0546875 0.1625
0 0.20546875 0.6828125 0.04140625 0.07421875
0 0.24609375 0.78984375 0.03828125 0.1765625
0 0.4640625 0.6609375 0.0453125 0.09140625
0 0.3046875 0.6734375 0.0375 0.0765625
0 0.28125 0.8515625 0.0421875 0.178125
0 0.3390625 0.95234375 0.05078125 0.0953125
0 0.29453125 0.7296875 0.03515625 0.06875
0 0.3484375 0.74921875 0.0359375 0.08515625
0 0.3609375 0.71328125 0.028125 0.05703125
0 0.91171875 0.6375 0.0421875 0.11875
0 0.975 0.62890625 0.0390625 0.11796875
0 0.98828125 0.6625 0.0234375 0.125
0 0.3375 0.54921875 0.02421875 0.1078125
0 0.83515625 0.546875 0.0296875 0.11015625
0 0.89609375 0.540625 0.02265625 0.06328125
0 0.81328125 0.4734375 0.01796875 0.03515625
0 0.81953125 0.51953125 0.025 0.0890625
0 0.878125 0.58359375 0.03125 0.1078125
0 0.34296875 0.43828125 0.02578125 0.0859375
0 0.62734375 0.41328125 0.0234375 0.07421875
0 0.715625 0.409375 0.02265625 0.07265625
0 0.7671875 0.45234375 0.02265625 0.09296875
0 0.74140625 0.41796875 0.02578125 0.08359375