0 0.55703125 0.5265625 0.0890625 0.175
0 0.56875 0.80390625 0.0984375 0.18125
0 0.665625 0.78125 0.1328125 0.1859375
0 0.43515625 0.79453125 0.1734375 0.21875
0 0.36953125 0.95078125 0.1109375 0.0875
0 0.43984375 0.94375 0.09375 0.1125
0 0.490625 0.9296875 0.103125 0.140625
0 0.78984375 0.87734375 0.1203125 0.215625
0 0.92734375 0.9484375 0.0640625 0.103125
0 0.91171875 0.81796875 0.11875 0.1921875
0 0.94375 0.60234375 0.1125 0.2484375
0 0.96484375 0.440625 0.0703125 0.165625
0 0.76171875 0.41796875 0.0984375 0.1859375
0 0.903125 0.34375 0.1515625 0.225
0 0.725 0.234375 0.1046875 0.1703125
0 0.63359375 0.31953125 0.128125 0.190625
0 0.8484375 0.21171875 0.1609375 0.1390625
0 0.59140625 0.128125 0.0984375 0.1734375
0 0.30859375 0.26484375 0.1390625 0.275
0 0.359375 0.1390625 0.1296875 0.2046875
0 0.46015625 0.17890625 0.1203125 0.153125
0 0.284375 0.61640625 0.1328125 0.184375
0 0.40703125 0.53203125 0.1640625 0.1578125
0 0.24140625 0.8359375 0.1359375 0.1765625