0 0.4875 0.23046875 0.034375 0.05625
0 0.3109375 0.1890625 0.0390625 0.0828125
0 0.225 0.11875 0.0453125 0.0765625
0 0.10234375 0.15703125 0.0453125 0.08125
0 0.0296875 0.328125 0.028125 0.0515625
0 0.28984375 0.315625 0.028125 0.040625
0 0.734375 0.303125 0.01875 0.0390625
0 0.42421875 0.3984375 0.0171875 0.0484375
0 0.196875 0.3921875 0.0203125 0.0375
0 0.30703125 0.36171875 0.0109375 0.0296875
0 0.23828125 0.3375 0.0203125 0.0359375
0 0.15 0.3703125 0.021875 0.0359375
0 0.0953125 0.334375 0.028125 0.0546875
0 0.65703125 0.02265625 0.0859375 0.0453125
0 0.86171875 0.24765625 0.0296875 0.040625
0 0.24921875 0.2671875 0.0296875 0.0390625
0 0.6578125 0.259375 0.03125 0.0234375
0 0.47734375 0.16875 0.0671875 0.0484375
0 0.30234375 0.3609375 0.0109375 0.03125
0 0.0453125 0.3109375 0.021875 0.0453125
0 0.26015625 0.28828125 0.0296875 0.03125
0 0.24609375 0.31796875 0.0234375 0.0390625