0 0.08046875 0.9703125 0.03828125 0.059375
0 0.178125 0.896875 0.034375 0.0484375
0 0.05859375 0.80078125 0.04296875 0.040625
0 0.26015625 0.68359375 0.0296875 0.03125
0 0.2078125 0.79609375 0.025 0.0359375
0 0.33125 0.6609375 0.03046875 0.02734375
0 0.353125 0.85 0.05234375 0.03671875
0 0.24375 0.865625 0.05703125 0.04375
0 0.3640625 0.76484375 0.03828125 0.03203125
0 0.384375 0.8078125 0.03203125 0.03828125
0 0.47734375 0.7109375 0.02421875 0.0390625
0 0.4265625 0.734375 0.0421875 0.03828125
0 0.55859375 0.7359375 0.02421875 0.03671875
0 0.53828125 0.84453125 0.03984375 0.04140625
0 0.54921875 0.8015625 0.03125 0.046875
0 0.86640625 0.8140625 0.0296875 0.03984375
0 0.58046875 0.809375 0.02890625 0.04140625
0 0.6359375 0.7453125 0.02578125 0.03984375
0 0.59375 0.690625 0.02265625 0.03125
0 0.61328125 0.696875 0.02265625 0.03203125
0 0.67734375 0.63984375 0.02421875 0.03359375
0 0.70625 0.69140625 0.01875 0.03203125