0 0.59921875 0.37890625 0.1703125 0.2125
0 0.875 0.82578125 0.1625 0.1796875
0 0.88515625 0.559375 0.159375 0.196875
0 0.89296875 0.68984375 0.1453125 0.16875
0 0.63203125 0.775 0.2140625 0.265625
0 0.7984375 0.29375 0.184375 0.2015625
0 0.91875 0.39765625 0.1625 0.1921875
0 0.884375 0.21171875 0.1328125 0.175
0 0.3125 0.57890625 0.159375 0.2421875
0 0.64375 0.553125 0.1296875 0.14375
0 0.478125 0.7125 0.1484375 0.21875
0 0.5625 0.56015625 0.1328125 0.196875
0 0.32890625 0.93671875 0.1515625 0.1265625
0 0.47421875 0.2453125 0.1421875 0.1765625
0 0.384375 0.42578125 0.1359375 0.184375
0 0.48359375 0.5453125 0.1203125 0.171875
0 0.3765625 0.7890625 0.121875 0.1328125
0 0.17890625 0.440625 0.1609375 0.240625
0 0.6265625 0.18046875 0.128125 0.175
0 0.21015625 0.65 0.1703125 0.228125
0 0.18203125 0.1734375 0.1625 0.2078125
0 0.3515625 0.1578125 0.14375 0.1796875
0 0.5109375 0.08984375 0.140625 0.1796875
0 0.59140625 0.0484375 0.1359375 0.096875
0 0.425 0.0859375 0.14375 0.171875
0 0.290625 0.3 0.134375 0.1609375