0 0.44375 0.6953125 0.01328125 0.04375
0 0.4171875 0.61953125 0.0125 0.040625
0 0.46328125 0.66484375 0.01328125 0.04453125
0 0.51171875 0.6546875 0.0109375 0.04140625
0 0.5734375 0.73671875 0.0109375 0.03828125
0 0.546875 0.61171875 0.01015625 0.0359375
0 0.53828125 0.615625 0.01015625 0.03515625
0 0.58203125 0.7359375 0.01171875 0.03046875
0 0.6015625 0.81015625 0.01328125 0.040625
0 0.52890625 0.52265625 0.01015625 0.03671875
0 0.51484375 0.5015625 0.01015625 0.02734375
0 0.40859375 0.52890625 0.01171875 0.03359375
0 0.5484375 0.56484375 0.01171875 0.03359375
0 0.40390625 0.409375 0.0078125 0.034375
0 0.409375 0.41015625 0.0078125 0.0296875
0 0.515625 0.47265625 0.01015625 0.03046875
0 0.52421875 0.48828125 0.0109375 0.034375
0 0.53359375 0.5 0.0109375 0.0375
0 0.40859375 0.48984375 0.009375 0.03203125
0 0.49296875 0.3484375 0.009375 0.02890625
0 0.40390625 0.29609375 0.0109375 0.0296875
0 0.4671875 0.24140625 0.0078125 0.0296875
0 0.40390625 0.2296875 0.009375 0.0234375