0 0.1046875 0.87578125 0.178125 0.15390625
0 0.08515625 0.96640625 0.16953125 0.0671875
0 0.20234375 0.79921875 0.15703125 0.1296875
0 0.3234375 0.690625 0.1609375 0.1296875
0 0.04921875 0.62265625 0.0984375 0.0578125
0 0.125 0.4953125 0.25 0.11640625
0 0.0859375 0.41484375 0.17109375 0.13046875
0 0.02890625 0.203125 0.0578125 0.11171875
0 0.271875 0.40390625 0.1921875 0.1703125
0 0.37265625 0.5375 0.16953125 0.1078125
0 0.34609375 0.27265625 0.22265625 0.13046875
0 0.52734375 0.2828125 0.1453125 0.11640625
0 0.52421875 0.39296875 0.16875 0.13828125
0 0.84921875 0.11953125 0.21875 0.125
0 0.75390625 0.26796875 0.146875 0.1046875
0 0.89765625 0.36640625 0.20390625 0.1296875
0 0.78828125 0.5140625 0.1515625 0.08828125
0 0.63828125 0.51015625 0.128125 0.09765625
0 0.79921875 0.6921875 0.20859375 0.1
0 0.7875 0.59453125 0.18515625 0.10234375
0 0.93203125 0.68359375 0.1359375 0.0765625
0 0.746875 0.771875 0.228125 0.103125
0 0.87578125 0.78671875 0.17109375 0.12890625
0 0.91953125 0.7984375 0.16015625 0.1125
0 0.3265625 0.9265625 0.18359375 0.09921875
0 0.4078125 0.79921875 0.259375 0.09453125
0 0.47578125 0.86015625 0.16953125 0.096875
0 0.46640625 0.9625 0.25 0.075
0 0.69921875 0.9515625 0.2421875 0.096875