0 0.95859375 0.7890625 0.0828125 0.0625
0 0.91796875 0.71796875 0.1375 0.071875
0 0.91953125 0.7515625 0.13125 0.0703125
0 0.94765625 0.76640625 0.1046875 0.0703125
0 0.896875 0.7875 0.0375 0.03125
0 0.6765625 0.0578125 0.1015625 0.06875
0 0.68046875 0.08671875 0.140625 0.06875
0 0.48515625 0.22265625 0.0890625 0.05
0 0.4453125 0.2421875 0.040625 0.0296875
0 0.49765625 0.24921875 0.090625 0.040625
0 0.51484375 0.2546875 0.0953125 0.0484375
0 0.45625 0.29375 0.04375 0.0328125
0 0.50703125 0.27109375 0.078125 0.0390625
0 0.51796875 0.30546875 0.0875 0.05
0 0.4828125 0.32109375 0.0390625 0.0265625
0 0.41875 0.334375 0.06875 0.0359375
0 0.6390625 0.703125 0.06875 0.0390625
0 0.63046875 0.690625 0.0625 0.040625
0 0.53046875 0.6421875 0.0703125 0.0359375
0 0.57109375 0.64140625 0.0703125 0.0375
0 0.52578125 0.6734375 0.040625 0.0234375
0 0.58984375 0.665625 0.078125 0.0359375
0 0.59453125 0.67734375 0.071875 0.040625
0 0.515625 0.66328125 0.04375 0.025
0 0.5828125 0.65390625 0.075 0.0375
0 0.29765625 0.3875 0.046875 0.0234375
0 0.4328125 0.61953125 0.053125 0.028125
0 0.3921875 0.559375 0.0390625 0.0203125
0 0.38828125 0.56875 0.053125 0.0265625
0 0.3921875 0.621875 0.0453125 0.0265625
0 0.321875 0.43125 0.0453125 0.0234375