0 0.93203125 0.965625 0.0359375 0.06875
0 0.9328125 0.91796875 0.02265625 0.03671875
0 0.9265625 0.84765625 0.0328125 0.096875
0 0.8421875 0.82421875 0.0296875 0.134375
0 0.87421875 0.81484375 0.0296875 0.12734375
0 0.90234375 0.846875 0.03046875 0.1234375
0 0.90078125 0.78203125 0.02265625 0.0328125
0 0.1390625 0.8109375 0.03984375 0.09375
0 0.16796875 0.80546875 0.025 0.14140625
0 0.2328125 0.5765625 0.0234375 0.0859375
0 0.23828125 0.53203125 0.01875 0.0359375
0 0.2625 0.5796875 0.0109375 0.0921875
0 0.27265625 0.59375 0.01875 0.09296875
0 0.290625 0.52578125 0.021875 0.0390625
0 0.2859375 0.58125 0.01484375 0.0765625
0 0.321875 0.58046875 0.0234375 0.084375
0 0.325 0.5421875 0.01484375 0.0359375
0 0.3171875 0.47734375 0.01484375 0.0671875
0 0.7375 0.565625 0.01875 0.06484375
0 0.72265625 0.56171875 0.02109375 0.05859375
0 0.64453125 0.4828125 0.0140625 0.0703125
0 0.65703125 0.52109375 0.015625 0.06953125
0 0.67265625 0.46796875 0.0109375 0.0390625
0 0.6859375 0.53125 0.0109375 0.07734375
0 0.6984375 0.53203125 0.01796875 0.0703125
0 0.659375 0.46171875 0.01171875 0.0421875
0 0.67265625 0.528125 0.0140625 0.07578125
0 0.328125 0.3453125 0.00859375 0.046875
0 0.59140625 0.39765625 0.0109375 0.05234375
0 0.52109375 0.37890625 0.00859375 0.03828125
0 0.52890625 0.371875 0.00859375 0.05234375
0 0.58046875 0.35859375 0.01171875 0.04453125
0 0.37734375 0.35390625 0.00859375 0.0453125