0 0.615625 0.5046875 0.021875 0.0390625
0 0.6296875 0.5140625 0.0171875 0.0375
0 0.5375 0.43515625 0.01875 0.0421875
0 0.80546875 0.60859375 0.0140625 0.028125
0 0.8296875 0.590625 0.025 0.0375
0 0.7875 0.63515625 0.0140625 0.028125
0 0.7703125 0.628125 0.0140625 0.025
0 0.8171875 0.60078125 0.0171875 0.034375
0 0.60703125 0.59765625 0.0125 0.0234375
0 0.53125 0.43046875 0.0171875 0.0296875
0 0.79296875 0.63671875 0.015625 0.025
0 0.78984375 0.65078125 0.0125 0.0125
0 0.78515625 0.6609375 0.0125 0.0140625
0 0.77265625 0.6328125 0.0140625 0.025
0 0.75703125 0.6265625 0.0140625 0.0265625
0 0.6046875 0.590625 0.0140625 0.028125
0 0.5984375 0.59453125 0.0109375 0.021875
0 0.58984375 0.5921875 0.0140625 0.025