0 0.15703125 0.12578125 0.1609375 0.1515625
0 0.3546875 0.4140625 0.1234375 0.175
0 0.38203125 0.23203125 0.1375 0.184375
0 0.2609375 0.47109375 0.1546875 0.2046875
0 0.40546875 0.09765625 0.15 0.1453125
0 0.528125 0.26484375 0.13125 0.190625
0 0.6421875 0.11171875 0.15625 0.2
0 0.11953125 0.61640625 0.1265625 0.1703125
0 0.21875 0.60859375 0.140625 0.1625
0 0.12421875 0.76953125 0.1765625 0.1578125
0 0.2125 0.8859375 0.2046875 0.19375
0 0.228125 0.96640625 0.2 0.0671875
0 0.37734375 0.9546875 0.1203125 0.090625
0 0.315625 0.81640625 0.0984375 0.2171875
0 0.3796875 0.8046875 0.14375 0.234375
0 0.525 0.909375 0.13125 0.153125
0 0.60546875 0.47734375 0.1390625 0.15
0 0.565625 0.66875 0.11875 0.134375
0 0.446875 0.646875 0.128125 0.1515625
0 0.490625 0.78125 0.1359375 0.1421875
0 0.7875 0.240625 0.178125 0.1890625
0 0.91640625 0.2921875 0.1359375 0.203125
0 0.7046875 0.41328125 0.140625 0.19375
0 0.72890625 0.6515625 0.14375 0.1671875
0 0.77734375 0.8515625 0.1671875 0.2203125
0 0.6296875 0.93515625 0.1140625 0.1140625
0 0.93046875 0.85234375 0.1390625 0.1515625
0 0.93671875 0.48671875 0.125 0.175
0 0.93125 0.675 0.1375 0.1375
0 0.834375 0.7109375 0.121875 0.1765625
0 0.91796875 0.61875 0.121875 0.1375