0 0.234375 0.92890625 0.1171875 0.05625
0 0.2390625 0.89453125 0.1609375 0.059375
0 0.47109375 0.77890625 0.096875 0.04375
0 0.5015625 0.76640625 0.0703125 0.034375
0 0.46328125 0.74921875 0.096875 0.0296875
0 0.44921875 0.6859375 0.0875 0.0359375
0 0.51015625 0.71796875 0.0453125 0.0234375
0 0.484375 0.6765625 0.0484375 0.025
0 0.45625 0.72734375 0.0796875 0.0296875
0 0.43671875 0.71796875 0.0890625 0.034375
0 0.39140625 0.25390625 0.0671875 0.028125
0 0.39375 0.271875 0.06875 0.0328125
0 0.43359375 0.2890625 0.0734375 0.028125
0 0.440625 0.29375 0.0953125 0.0296875
0 0.49296875 0.33984375 0.08125 0.03125
0 0.521875 0.321875 0.034375 0.0203125
0 0.4515625 0.3328125 0.078125 0.028125
0 0.47578125 0.31953125 0.05 0.0234375
0 0.503125 0.30703125 0.0421875 0.015625
0 0.4390625 0.31484375 0.0640625 0.0234375
0 0.6203125 0.44296875 0.053125 0.021875
0 0.56015625 0.67421875 0.0671875 0.025
0 0.61171875 0.45234375 0.0359375 0.015625
0 0.58984375 0.37890625 0.0546875 0.0234375
0 0.62890625 0.38671875 0.0453125 0.0234375
0 0.68828125 0.640625 0.0515625 0.0203125
0 0.67265625 0.5890625 0.0484375 0.01875
0 0.10703125 0.1859375 0.1390625 0.0578125
0 0.1 0.1453125 0.1390625 0.05625
0 0.05546875 0.09140625 0.1015625 0.05
0 0.0640625 0.1203125 0.128125 0.05625
0 0.12578125 0.10859375 0.0390625 0.03125