0 0.18359375 0.725 0.02421875 0.12578125
0 0.15859375 0.73359375 0.0390625 0.10859375
0 0.0640625 0.959375 0.040625 0.08125
0 0.85234375 0.85 0.02734375 0.06796875
0 0.86796875 0.8578125 0.0203125 0.08203125
0 0.85859375 0.915625 0.021875 0.1015625
0 0.78203125 0.759375 0.02578125 0.12265625
0 0.84375 0.77265625 0.03984375 0.1140625
0 0.80625 0.7328125 0.02734375 0.11796875
0 0.82421875 0.75859375 0.028125 0.10625
0 0.8328125 0.71171875 0.0171875 0.04765625
0 0.834375 0.91484375 0.03203125 0.06875
0 0.24140625 0.5375 0.02109375 0.0765625
0 0.6984375 0.53046875 0.01953125 0.06328125
0 0.659375 0.509375 0.01484375 0.071875
0 0.24765625 0.528125 0.01796875 0.08828125
0 0.2921875 0.5 0.01796875 0.040625
0 0.26484375 0.5421875 0.01328125 0.07734375
0 0.27578125 0.55859375 0.01640625 0.0859375
0 0.325 0.5125 0.01796875 0.040625
0 0.2984375 0.5453125 0.01875 0.053125
0 0.3203125 0.54375 0.02421875 0.07578125
0 0.28984375 0.54296875 0.01875 0.0703125
0 0.6234375 0.46875 0.01484375 0.06484375
0 0.63125 0.4296875 0.0171875 0.03515625
0 0.328125 0.3359375 0.01015625 0.0421875
0 0.3140625 0.44765625 0.009375 0.05546875
0 0.37265625 0.34765625 0.01015625 0.04296875
0 0.51171875 0.3625 0.009375 0.03046875
0 0.51953125 0.3609375 0.01328125 0.04453125
0 0.328125 0.36953125 0.01328125 0.04921875
0 0.66640625 0.4953125 0.0140625 0.08359375
0 0.6453125 0.4484375 0.01484375 0.04375
0 0.64765625 0.50078125 0.015625 0.07578125
0 0.5921875 0.3828125 0.0109375 0.0515625
0 0.6 0.403125 0.01015625 0.05625
0 0.30390625 0.59609375 0.0265625 0.06484375