0 0.38828125 0.53125 0.0109375 0.03671875
0 0.37265625 0.5265625 0.00703125 0.0375
0 0.484375 0.5734375 0.00703125 0.0421875
0 0.17578125 0.49140625 0.00625 0.02890625
0 0.15859375 0.515625 0.015625 0.03359375
0 0.18515625 0.46015625 0.00625 0.02734375
0 0.203125 0.46171875 0.00546875 0.02421875
0 0.1671875 0.50234375 0.00625 0.03359375
0 0.36796875 0.43984375 0.00625 0.02265625
0 0.49140625 0.57578125 0.009375 0.028125
0 0.17890625 0.4609375 0.01015625 0.0234375
0 0.178125 0.44609375 0.009375 0.009375
0 0.17890625 0.43515625 0.01015625 0.01328125
0 0.19921875 0.4578125 0.00546875 0.025
0 0.21640625 0.459375 0.00546875 0.0265625
0 0.37265625 0.44609375 0.00625 0.02890625
0 0.37734375 0.440625 0.0046875 0.021875
0 0.3859375 0.43984375 0.00625 0.02421875