0 0.975 0.6234375 0.05 0.121875
0 0.96171875 0.47265625 0.0765625 0.1109375
0 0.8109375 0.63984375 0.196875 0.134375
0 0.8046875 0.55390625 0.18125 0.153125
0 0.6609375 0.6875 0.1875 0.1328125
0 0.35078125 0.6796875 0.2 0.1421875
0 0.48828125 0.59453125 0.2296875 0.1609375
0 0.12265625 0.78125 0.1671875 0.15
0 0.09140625 0.50546875 0.1828125 0.1484375
0 0.19609375 0.59140625 0.2078125 0.215625
0 0.05625 0.5875 0.1125 0.10625
0 0.18984375 0.43671875 0.18125 0.1234375
0 0.23203125 0.33828125 0.190625 0.1359375
0 0.415625 0.44296875 0.1765625 0.090625
0 0.6 0.36953125 0.1984375 0.1640625
0 0.8453125 0.39609375 0.1828125 0.115625
0 0.16640625 0.2515625 0.2359375 0.171875
0 0.21875 0.08046875 0.1609375 0.0921875
0 0.52421875 0.05390625 0.1953125 0.1078125
0 0.7 0.0234375 0.209375 0.046875
0 0.6203125 0.11171875 0.2 0.19375
0 0.775 0.28046875 0.1703125 0.13125
0 0.8453125 0.1609375 0.196875 0.125