0 0.484375 0.57265625 0.0078125 0.04375
0 0.49375 0.5734375 0.0078125 0.028125
0 0.3890625 0.5296875 0.009375 0.0390625
0 0.37421875 0.52734375 0.0109375 0.03515625
0 0.1671875 0.49375 0.00859375 0.03515625
0 0.146875 0.51171875 0.0109375 0.03359375
0 0.1765625 0.484375 0.0078125 0.03828125
0 0.18046875 0.45078125 0.0078125 0.028125
0 0.1984375 0.44453125 0.0078125 0.03125
0 0.18671875 0.44140625 0.00703125 0.03046875
0 0.38671875 0.42734375 0.0078125 0.02734375
0 0.36875 0.4265625 0.0078125 0.02578125
0 0.3765625 0.4296875 0.00859375 0.02421875