0 0.634375 0.921875 0.0671875 0.15625
0 0.25546875 0.93515625 0.0609375 0.1296875
0 0.31640625 0.66640625 0.03515625 0.128125
0 0.4421875 0.5078125 0.03984375 0.08828125
0 0.31953125 0.5296875 0.03515625 0.10859375
0 0.9125 0.62734375 0.04296875 0.13203125
0 0.7703125 0.46640625 0.03359375 0.09375
0 0.6765625 0.48515625 0.0359375 0.0921875
0 0.8 0.46875 0.03046875 0.0921875
0 0.1140625 0.94140625 0.059375 0.1171875
0 0.84140625 0.5203125 0.02890625 0.11171875
0 0.52734375 0.3078125 0.021875 0.05234375
0 0.9453125 0.665625 0.03671875 0.1234375
0 0.884375 0.5859375 0.03671875 0.11015625
0 0.878125 0.546875 0.03046875 0.06171875
0 0.97265625 0.640625 0.03125 0.11328125
0 0.3375 0.37421875 0.0328125 0.065625
0 0.7140625 0.40703125 0.03125 0.06640625
0 0.371875 0.41015625 0.02734375 0.07578125