0 0.5984375 0.56640625 0.03125 0.0109375
0 0.64296875 0.16328125 0.0375 0.01875
0 0.71015625 0.2265625 0.0453125 0.028125
0 0.84609375 0.425 0.0734375 0.0328125
0 0.9515625 0.521875 0.053125 0.09375
0 0.984375 0.72890625 0.03125 0.0328125
0 0.7046875 0.70703125 0.0328125 0.015625
0 0.6796875 0.86171875 0.0328125 0.015625
0 0.78515625 0.7546875 0.04375 0.0234375
0 0.7640625 0.81640625 0.053125 0.0171875
0 0.71171875 0.93125 0.0390625 0.01875
0 0.87265625 0.834375 0.0734375 0.03125
0 0.83203125 0.79296875 0.0390625 0.028125
0 0.809375 0.8109375 0.0421875 0.021875