0 0.38125 0.6015625 0.14375 0.1984375
0 0.18671875 0.1140625 0.1421875 0.1640625
0 0.13125 0.37421875 0.134375 0.1828125
0 0.14609375 0.2453125 0.125 0.15625
0 0.41796875 0.20625 0.18125 0.25
0 0.1703125 0.6515625 0.1625 0.184375
0 0.06953125 0.52578125 0.1390625 0.1765625
0 0.07109375 0.7171875 0.109375 0.165625
0 0.69765625 0.4546875 0.1234375 0.2359375
0 0.36796875 0.42265625 0.1125 0.1328125
0 0.55859375 0.29453125 0.1171875 0.2109375
0 0.44921875 0.4296875 0.10625 0.190625
0 0.7484375 0.078125 0.13125 0.15625
0 0.48125 0.7546875 0.1203125 0.165625
0 0.60078125 0.59296875 0.1109375 0.1765625
0 0.52421875 0.4578125 0.0953125 0.165625
0 0.671875 0.23671875 0.10625 0.121875
0 0.80625 0.6140625 0.1265625 0.2328125
0 0.3203125 0.79296875 0.1046875 0.1671875
0 0.81171875 0.40234375 0.1390625 0.2171875
0 0.75625 0.8765625 0.1359375 0.196875
0 0.58671875 0.8625 0.1203125 0.16875
0 0.41640625 0.9078125 0.1140625 0.184375
0 0.32578125 0.9421875 0.1171875 0.115625
0 0.50078125 0.91953125 0.1203125 0.1609375
0 0.671875 0.7328125 0.115625 0.15