0 0.14921875 0.315625 0.25703125 0.09140625
0 0.26015625 0.41171875 0.17578125 0.10859375
0 0.371875 0.3046875 0.20234375 0.10390625
0 0.2578125 0.18515625 0.16328125 0.12421875
0 0.0828125 0.4796875 0.16484375 0.11640625
0 0.040625 0.39375 0.08046875 0.06953125
0 0.23515625 0.58515625 0.18671875 0.15625
0 0.06953125 0.61640625 0.13828125 0.0890625
0 0.14296875 0.77265625 0.2859375 0.13359375
0 0.46875 0.73515625 0.18671875 0.11484375
0 0.49609375 0.846875 0.18828125 0.1203125
0 0.54140625 0.959375 0.1484375 0.08125
0 0.07578125 0.91953125 0.15078125 0.1609375
0 0.6828125 0.54609375 0.17578125 0.06328125
0 0.54921875 0.59140625 0.265625 0.11171875
0 0.3875 0.07109375 0.16875 0.1421875
0 0.53515625 0.09453125 0.15390625 0.1890625
0 0.6890625 0.06171875 0.171875 0.1234375
0 0.56796875 0.22734375 0.13984375 0.09296875
0 0.74609375 0.26171875 0.115625 0.13203125
0 0.61640625 0.3140625 0.16171875 0.0953125
0 0.8625 0.12109375 0.19296875 0.12109375
0 0.9234375 0.2171875 0.153125 0.16875
0 0.8953125 0.35390625 0.140625 0.09765625
0 0.60703125 0.409375 0.1046875 0.1453125
0 0.70078125 0.4125 0.109375 0.10625
0 0.86953125 0.43046875 0.2390625 0.10234375
0 0.6515625 0.89140625 0.1265625 0.10390625
0 0.86796875 0.72734375 0.15859375 0.08515625
0 0.93828125 0.8234375 0.1234375 0.11171875
0 0.69921875 0.7640625 0.1609375 0.053125
0 0.72109375 0.7890625 0.125 0.0453125
0 0.70546875 0.83203125 0.1234375 0.04375