0 0.1796875 0.959375 0.08125 0.08125
0 0.2265625 0.93515625 0.0875 0.1296875
0 0.24921875 0.6390625 0.05625 0.1140625
0 0.8546875 0.475 0.0453125 0.0875
0 0.83671875 0.4796875 0.0390625 0.0890625
0 0.28828125 0.63359375 0.0515625 0.1203125
0 0.2515625 0.60703125 0.0484375 0.10625
0 0.31015625 0.57578125 0.04375 0.0828125
0 0.309375 0.634375 0.053125 0.125
0 0.3328125 0.628125 0.0421875 0.078125
0 0.35234375 0.59765625 0.0375 0.065625
0 0.31796875 0.490625 0.034375 0.071875
0 0.784375 0.446875 0.0375 0.0828125
0 0.68828125 0.396875 0.0328125 0.0734375
0 0.734375 0.44765625 0.0375 0.0828125
0 0.76953125 0.40625 0.025 0.04375
0 0.725 0.38046875 0.0234375 0.0375
0 0.69765625 0.3828125 0.0296875 0.0609375
0 0.603125 0.334375 0.0265625 0.0546875
0 0.621875 0.33359375 0.0296875 0.0640625
0 0.6390625 0.3515625 0.0296875 0.0765625
0 0.74765625 0.4265625 0.0375 0.071875
0 0.71328125 0.42265625 0.0359375 0.075
0 0.29453125 0.35859375 0.021875 0.0390625
0 0.52109375 0.3453125 0.028125 0.0546875
0 0.5125 0.3578125 0.01875 0.0328125
0 0.30078125 0.4296875 0.025 0.0515625
0 0.30234375 0.340625 0.0296875 0.0578125
0 0.571875 0.3046875 0.0296875 0.0484375
0 0.440625 0.253125 0.021875 0.0390625