0 0.37421875 0.52421875 0.0125 0.03671875
0 0.38984375 0.52421875 0.00859375 0.0375
0 0.48359375 0.57265625 0.00859375 0.04453125
0 0.49375 0.58359375 0.0078125 0.02734375
0 0.1453125 0.50625 0.01640625 0.0390625
0 0.17109375 0.48984375 0.00859375 0.034375
0 0.178125 0.47421875 0.01171875 0.03515625
0 0.22109375 0.43671875 0.009375 0.03203125
0 0.1796875 0.44140625 0.01015625 0.028125
0 0.203125 0.434375 0.00859375 0.0265625
0 0.19453125 0.4390625 0.00703125 0.028125
0 0.18046875 0.4109375 0.00703125 0.02734375
0 0.3640625 0.4125 0.0078125 0.025
0 0.3734375 0.40859375 0.00703125 0.02109375
0 0.3859375 0.409375 0.00703125 0.0234375