0 0.16953125 0.878125 0.1765625 0.24375
0 0.3421875 0.93203125 0.153125 0.1359375
0 0.603125 0.940625 0.16875 0.11875
0 0.45390625 0.8421875 0.134375 0.2203125
0 0.36484375 0.77890625 0.171875 0.290625
0 0.13671875 0.703125 0.1609375 0.1671875
0 0.196875 0.64921875 0.1703125 0.196875
0 0.378125 0.5203125 0.1703125 0.2265625
0 0.1625 0.525 0.1796875 0.1453125
0 0.16484375 0.4359375 0.2203125 0.2015625
0 0.371875 0.33515625 0.159375 0.1828125
0 0.3546875 0.16953125 0.1671875 0.2078125
0 0.22734375 0.19921875 0.184375 0.2921875
0 0.12421875 0.18125 0.1484375 0.2015625
0 0.1078125 0.2921875 0.1375 0.196875
0 0.0578125 0.309375 0.115625 0.18125
0 0.04453125 0.19765625 0.0890625 0.1765625
0 0.840625 0.48125 0.1828125 0.20625
0 0.78046875 0.72265625 0.2046875 0.33125
0 0.675 0.3015625 0.1828125 0.1828125
0 0.63671875 0.4875 0.184375 0.2078125
0 0.6453125 0.71953125 0.1515625 0.23125
0 0.5390625 0.584375 0.2203125 0.309375
0 0.85625 0.13828125 0.153125 0.178125
0 0.540625 0.28828125 0.190625 0.225
0 0.5828125 0.17578125 0.1375 0.1609375
0 0.3796875 0.0578125 0.103125 0.1015625
0 0.4953125 0.078125 0.146875 0.15625