0 0.2140625 0.6625 0.0109375 0.03359375
0 0.27890625 0.72578125 0.0328125 0.0328125
0 0.05546875 0.70546875 0.01484375 0.03828125
0 0.46640625 0.7875 0.025 0.059375
0 0.50234375 0.8484375 0.078125 0.04609375
0 0.68515625 0.88203125 0.0328125 0.0859375
0 0.7328125 0.93515625 0.08125 0.05078125
0 0.796875 0.98203125 0.03984375 0.0359375
0 0.9640625 0.96171875 0.03671875 0.0765625
0 0.990625 0.78515625 0.01875 0.0453125
0 0.93984375 0.73046875 0.015625 0.0515625
0 0.87734375 0.68046875 0.01484375 0.04140625
0 0.82109375 0.64921875 0.0109375 0.03359375
0 0.56953125 0.609375 0.01484375 0.0421875
0 0.6984375 0.66953125 0.00625 0.03671875
0 0.6875 0.665625 0.01015625 0.02890625
0 0.71640625 0.7296875 0.015625 0.0421875
0 0.7703125 0.71015625 0.015625 0.03671875
0 0.74765625 0.765625 0.01484375 0.03359375
0 0.765625 0.74375 0.01484375 0.03359375
0 0.7640625 0.7828125 0.01796875 0.04140625