0 0.42421875 0.95625 0.01484375 0.04140625
0 0.26796875 0.98828125 0.015625 0.0234375
0 0.2953125 0.96171875 0.01484375 0.0265625
0 0.3078125 0.9546875 0.0140625 0.02890625
0 0.34375 0.9140625 0.0140625 0.03203125
0 0.328125 0.9171875 0.0171875 0.0265625
0 0.51796875 0.984375 0.00859375 0.03125
0 0.621875 0.97578125 0.01015625 0.028125
0 0.63125 0.9875 0.0109375 0.02421875
0 0.640625 0.9875 0.01171875 0.025
0 0.6359375 0.96640625 0.009375 0.0296875
0 0.64921875 0.98671875 0.01015625 0.02578125
0 0.65390625 0.98515625 0.0109375 0.0296875
0 0.65859375 0.97109375 0.009375 0.028125
0 0.671875 0.940625 0.01171875 0.03203125
0 0.7484375 0.928125 0.01015625 0.03046875
0 0.73828125 0.94609375 0.00859375 0.0328125
0 0.72734375 0.94296875 0.0125 0.03125
0 0.79140625 0.95703125 0.01328125 0.02734375
0 0.578125 0.7578125 0.01015625 0.03671875
0 0.46640625 0.80390625 0.01015625 0.02421875
0 0.56484375 0.70078125 0.009375 0.02578125
0 0.56015625 0.73046875 0.0125 0.0359375
0 0.52890625 0.57734375 0.009375 0.0296875
0 0.5203125 0.578125 0.0109375 0.03125
0 0.515625 0.51484375 0.00859375 0.028125
0 0.40859375 0.50859375 0.01171875 0.03203125
0 0.4125 0.425 0.00859375 0.02578125
0 0.503125 0.45078125 0.01015625 0.025
0 0.40390625 0.42109375 0.0109375 0.02734375
0 0.50234375 0.4796875 0.01171875 0.02890625
0 0.4890625 0.39140625 0.0109375 0.02578125
0 0.4 0.25 0.01015625 0.025
0 0.4796875 0.36640625 0.0109375 0.03359375
0 0.48984375 0.36328125 0.009375 0.0265625
0 0.48984375 0.421875 0.009375 0.02578125
0 0.51171875 0.9296875 0.01015625 0.03828125