0 0.80234375 0.28984375 0.15 0.2359375
0 0.7625 0.09609375 0.15625 0.1921875
0 0.62734375 0.23203125 0.1421875 0.1390625
0 0.70078125 0.39765625 0.1140625 0.1390625
0 0.7515625 0.85859375 0.1265625 0.2234375
0 0.7625 0.59921875 0.1140625 0.2078125
0 0.06796875 0.37734375 0.1140625 0.1703125
0 0.109375 0.20859375 0.13125 0.1984375
0 0.1703125 0.5953125 0.1375 0.1578125
0 0.22421875 0.32578125 0.140625 0.1609375
0 0.3671875 0.35390625 0.0984375 0.190625
0 0.396875 0.1375 0.1421875 0.2015625
0 0.27578125 0.48671875 0.121875 0.1921875
0 0.4921875 0.35078125 0.1125 0.1703125
0 0.42265625 0.6828125 0.15625 0.159375
0 0.415625 0.475 0.109375 0.125
0 0.4046875 0.57109375 0.0984375 0.0984375
0 0.646875 0.91328125 0.115625 0.1296875
0 0.68203125 0.75625 0.0796875 0.13125
0 0.4015625 0.9328125 0.1375 0.134375