0 0.4859375 0.575 0.009375 0.040625
0 0.14375 0.51953125 0.015625 0.040625
0 0.2203125 0.4453125 0.009375 0.0296875
0 0.37421875 0.5296875 0.009375 0.0375
0 0.390625 0.5296875 0.0125 0.040625
0 0.178125 0.45234375 0.0125 0.028125
0 0.19453125 0.44765625 0.0125 0.0328125
0 0.17890625 0.42265625 0.009375 0.0296875
0 0.36640625 0.42421875 0.009375 0.034375
0 0.38046875 0.41796875 0.009375 0.028125
0 0.4953125 0.57734375 0.00625 0.028125
0 0.1765625 0.48515625 0.009375 0.0375
0 0.1671875 0.5015625 0.009375 0.03125
0 0.21015625 0.421875 0.009375 0.0171875