0 0.82421875 0.57421875 0.0140625 0.034375
0 0.6015625 0.55234375 0.01875 0.0390625
0 0.64609375 0.45625 0.0140625 0.03125
0 0.628125 0.45390625 0.0125 0.028125
0 0.81640625 0.5578125 0.01875 0.0359375
0 0.821875 0.52890625 0.0125 0.028125
0 0.80546875 0.52109375 0.0125 0.0296875
0 0.8015625 0.51875 0.0140625 0.0328125
0 0.4953125 0.571875 0.0203125 0.0390625
0 0.4890625 0.58046875 0.0140625 0.021875
0 0.615625 0.55390625 0.01875 0.034375
0 0.83984375 0.59609375 0.028125 0.0375
0 0.63828125 0.45390625 0.0125 0.025
0 0.7828125 0.51953125 0.0125 0.028125
0 0.82109375 0.51328125 0.0125 0.025
0 0.82734375 0.50390625 0.0125 0.028125