0 0.1625 0.29765625 0.040625 0.0328125
0 0.22578125 0.22890625 0.0359375 0.0296875
0 0.20859375 0.2625 0.03125 0.0265625
0 0.26328125 0.22734375 0.0328125 0.028125
0 0.240625 0.2734375 0.0296875 0.0265625
0 0.21015625 0.2953125 0.0453125 0.0359375
0 0.15625 0.353125 0.0375 0.0234375
0 0.1671875 0.415625 0.0328125 0.03125
0 0.18203125 0.44375 0.034375 0.025
0 0.3421875 0.25234375 0.03125 0.025
0 0.390625 0.2734375 0.0390625 0.034375
0 0.33671875 0.28671875 0.03125 0.0265625
0 0.321875 0.30546875 0.0296875 0.0296875
0 0.84375 0.25546875 0.040625 0.0375
0 0.9203125 0.28984375 0.04375 0.0296875
0 0.9296875 0.2625 0.0328125 0.03125
0 0.69765625 0.43671875 0.046875 0.0421875
0 0.57890625 0.4796875 0.0296875 0.0296875
0 0.56796875 0.38125 0.0265625 0.0265625
0 0.578125 0.52734375 0.03125 0.0265625
0 0.465625 0.3640625 0.0390625 0.0296875
0 0.41484375 0.35390625 0.0390625 0.0328125
0 0.4296875 0.3703125 0.0328125 0.03125
0 0.44765625 0.4015625 0.0390625 0.034375
0 0.49453125 0.40390625 0.034375 0.03125
0 0.54609375 0.40078125 0.0296875 0.0328125
0 0.496875 0.49765625 0.04375 0.025
0 0.47578125 0.51953125 0.0359375 0.03125
0 0.509375 0.44453125 0.0359375 0.03125
0 0.4765625 0.45859375 0.025 0.034375
0 0.51953125 0.428125 0.0265625 0.0265625
0 0.38984375 0.39765625 0.0296875 0.0265625
0 0.39765625 0.4453125 0.025 0.021875
0 0.38828125 0.4703125 0.0296875 0.025
0 0.43359375 0.42890625 0.028125 0.0265625
0 0.228125 0.36875 0.0328125 0.03125
0 0.26796875 0.34140625 0.0375 0.028125
0 0.2796875 0.3609375 0.034375 0.034375
0 0.26015625 0.3875 0.0328125 0.03125
0 0.2796875 0.4625 0.0359375 0.028125
0 0.34375 0.41875 0.0328125 0.0265625
0 0.2921875 0.42578125 0.028125 0.0234375
0 0.2625 0.43515625 0.0265625 0.0171875
0 0.31875 0.2296875 0.065625 0.0359375
0 0.36015625 0.31875 0.025 0.028125
0 0.33046875 0.378125 0.0375 0.034375
0 0.321875 0.4625 0.03125 0.0265625
0 0.33515625 0.4921875 0.034375 0.025
0 0.51484375 0.59296875 0.0328125 0.028125
0 0.48046875 0.5984375 0.0328125 0.03125
0 0.54921875 0.62265625 0.034375 0.025
0 0.5234375 0.725 0.0328125 0.028125
0 0.8984375 0.2421875 0.034375 0.0375
0 0.48203125 0.76328125 0.0359375 0.03125
0 0.778125 0.80703125 0.03125 0.0265625
0 0.703125 0.78125 0.0359375 0.03125
0 0.76953125 0.8234375 0.0453125 0.03125
0 0.72734375 0.815625 0.0453125 0.034375
0 0.675 0.80859375 0.03125 0.03125
0 0.59296875 0.821875 0.0375 0.034375
0 0.48984375 0.8703125 0.0390625 0.0328125
0 0.69765625 0.85703125 0.0296875 0.025
0 0.66171875 0.85 0.0359375 0.0328125
0 0.63671875 0.84765625 0.03125 0.0265625
0 0.5703125 0.87578125 0.0375 0.0265625
0 0.56171875 0.9203125 0.0390625 0.0265625
0 0.36171875 0.72109375 0.0359375 0.03125
0 0.384375 0.61171875 0.0375 0.03125
0 0.3953125 0.5671875 0.025 0.0234375
0 0.278125 0.53984375 0.0296875 0.025
0 0.19296875 0.51875 0.0296875 0.028125
0 0.2546875 0.4890625 0.0265625 0.0265625
0 0.2765625 0.5078125 0.0390625 0.0296875
0 0.26875 0.73515625 0.040625 0.0296875
0 0.23828125 0.7234375 0.028125 0.0265625
0 0.20234375 0.7421875 0.034375 0.0359375
0 0.13515625 0.7484375 0.0421875 0.0328125
0 0.11328125 0.71328125 0.0328125 0.028125
0 0.0859375 0.646875 0.0453125 0.03125
0 0.16484375 0.66328125 0.0375 0.0296875
0 0.14140625 0.63671875 0.0328125 0.028125
0 0.16875 0.62109375 0.0453125 0.0359375
0 0.02265625 0.44140625 0.0421875 0.034375
0 0.0640625 0.4515625 0.0390625 0.0296875
0 0.04921875 0.425 0.0359375 0.03125
0 0.078125 0.4234375 0.04375 0.028125
0 0.0625 0.58203125 0.0421875 0.0359375
0 0.06796875 0.525 0.040625 0.0328125
0 0.10546875 0.509375 0.0421875 0.0296875
0 0.02421875 0.5 0.0375 0.0234375
0 0.04296875 0.4796875 0.0265625 0.0296875
0 0.07890625 0.47578125 0.0296875 0.0296875
0 0.1 0.52890625 0.0328125 0.025
0 0.13828125 0.53203125 0.04375 0.0296875
0 0.009375 0.5203125 0.01875 0.021875
0 0.07890625 0.57578125 0.0296875 0.0265625
0 0.0234375 0.6921875 0.0390625 0.03125
0 0.07109375 0.684375 0.0359375 0.021875
0 0.0109375 0.6609375 0.021875 0.025
0 0.16171875 0.575 0.021875 0.01875
0 0.18359375 0.5828125 0.0328125 0.028125
0 0.16875 0.55859375 0.025 0.021875
0 0.14453125 0.553125 0.0265625 0.0234375
0 0.14609375 0.56796875 0.0234375 0.0171875
0 0.33828125 0.62421875 0.0421875 0.0234375
0 0.31484375 0.63671875 0.0328125 0.028125
0 0.3359375 0.65625 0.028125 0.0234375
0 0.36875 0.66328125 0.028125 0.0203125
0 0.28828125 0.615625 0.0359375 0.028125
0 0.3296875 0.60390625 0.0265625 0.0234375
0 0.3078125 0.68046875 0.03125 0.0265625
0 0.28515625 0.6875 0.0296875 0.025
0 0.26953125 0.59296875 0.03125 0.0265625
0 0.246875 0.57265625 0.03125 0.025
0 0.2625 0.56328125 0.025 0.0234375
0 0.21875 0.60234375 0.025 0.0203125
0 0.23515625 0.61796875 0.028125 0.0234375
0 0.24765625 0.63671875 0.03125 0.021875