0 0.534375 0.56640625 0.0265625 0.0515625
0 0.628125 0.48828125 0.0234375 0.04375
0 0.615625 0.49921875 0.0265625 0.040625
0 0.5296875 0.57578125 0.021875 0.028125
0 0.81796875 0.40625 0.021875 0.0375
0 0.83828125 0.4203125 0.0265625 0.04375
0 0.80859375 0.4015625 0.0234375 0.0453125
0 0.77578125 0.37734375 0.021875 0.0390625
0 0.790625 0.371875 0.0203125 0.034375
0 0.76171875 0.38125 0.021875 0.0390625
0 0.7953125 0.37109375 0.0171875 0.0328125
0 0.790625 0.34453125 0.0203125 0.0265625
0 0.59140625 0.4078125 0.0203125 0.0328125
0 0.6078125 0.4015625 0.01875 0.0296875