0 0.56953125 0.04765625 0.01875 0.01875
0 0.50234375 0.03515625 0.0296875 0.025
0 0.16875 0.03125 0.046875 0.028125
0 0.54140625 0.2046875 0.021875 0.015625
0 0.509375 0.2078125 0.0234375 0.0203125
0 0.36015625 0.22265625 0.05625 0.0234375
0 0.34296875 0.45859375 0.04375 0.0265625
0 0.29375 0.52578125 0.0625 0.0265625
0 0.2796875 0.54296875 0.065625 0.021875
0 0.384375 0.634375 0.05625 0.021875
0 0.3625 0.65390625 0.03125 0.01875
0 0.60234375 0.53984375 0.015625 0.015625
0 0.565625 0.53828125 0.021875 0.01875
0 0.51953125 0.5203125 0.01875 0.0171875
0 0.5828125 0.51640625 0.015625 0.015625
0 0.5890625 0.49765625 0.01875 0.025
0 0.56171875 0.9671875 0.0125 0.025
0 0.296875 0.8171875 0.0171875 0.0328125
0 0.1421875 0.503125 0.025 0.0171875
0 0.34609375 0.8890625 0.021875 0.021875
0 0.32578125 0.91875 0.0515625 0.025
0 0.3296875 0.91171875 0.0203125 0.03125
0 0.1984375 0.96875 0.025 0.03125
0 0.0734375 0.96796875 0.0546875 0.01875
0 0.07265625 0.97890625 0.0390625 0.0203125
0 0.3078125 0.9890625 0.0125 0.021875
0 0.09765625 0.90546875 0.034375 0.0234375
0 0.1453125 0.2640625 0.0375 0.0140625
0 0.11640625 0.2828125 0.0484375 0.025
0 0.08984375 0.22890625 0.0234375 0.021875
0 0.55 0.1828125 0.0234375 0.015625
0 0.36015625 0.86640625 0.0171875 0.021875