0 0.090625 0.1890625 0.18125 0.159375
0 0.07578125 0.10078125 0.1515625 0.1328125
0 0.25703125 0.16953125 0.184375 0.1828125
0 0.34765625 0.075 0.1921875 0.1421875
0 0.39609375 0.234375 0.1625 0.1046875
0 0.48984375 0.328125 0.240625 0.1875
0 0.53125 0.203125 0.1640625 0.103125
0 0.1125 0.3171875 0.1875 0.121875
0 0.3046875 0.42265625 0.1703125 0.121875
0 0.13671875 0.5265625 0.265625 0.1328125
0 0.0765625 0.45 0.153125 0.08125
0 0.42109375 0.46640625 0.128125 0.1171875
0 0.0515625 0.659375 0.084375 0.0984375
0 0.09296875 0.73515625 0.15 0.10625
0 0.28125 0.67421875 0.25625 0.165625
0 0.3171875 0.859375 0.1875 0.20625
0 0.4625 0.73125 0.1703125 0.115625
0 0.471875 0.625 0.2078125 0.1328125
0 0.2640625 0.959375 0.209375 0.08125
0 0.7078125 0.80234375 0.275 0.1359375
0 0.78671875 0.7296875 0.1765625 0.1234375
0 0.8125 0.81875 0.203125 0.146875
0 0.85234375 0.91328125 0.2953125 0.1328125
0 0.5703125 0.51953125 0.134375 0.103125
0 0.61171875 0.4203125 0.1640625 0.121875
0 0.6984375 0.3640625 0.1953125 0.13125
0 0.73984375 0.25078125 0.1734375 0.128125
0 0.70859375 0.14453125 0.1515625 0.1734375
0 0.5875 0.08046875 0.18125 0.1609375
0 0.88984375 0.48828125 0.2203125 0.1578125
0 0.9265625 0.375 0.134375 0.10625
0 0.92734375 0.2703125 0.1140625 0.13125