0 0.1234375 0.95078125 0.03125 0.03515625
0 0.2234375 0.9859375 0.025 0.028125
0 0.23671875 0.834375 0.02578125 0.02734375
0 0.2375 0.73203125 0.01953125 0.01796875
0 0.29140625 0.86796875 0.03828125 0.021875
0 0.2625 0.81015625 0.03203125 0.02265625
0 0.31953125 0.665625 0.0171875 0.01796875
0 0.359375 0.64453125 0.0140625 0.01953125
0 0.39140625 0.67421875 0.0140625 0.02734375
0 0.29765625 0.7265625 0.01484375 0.0265625
0 0.3046875 0.7796875 0.0203125 0.02109375
0 0.390625 0.7125 0.02265625 0.02890625
0 0.421875 0.73984375 0.015625 0.028125
0 0.42265625 0.69140625 0.021875 0.0265625
0 0.47421875 0.6828125 0.0140625 0.02578125
0 0.5421875 0.7375 0.01953125 0.03125
0 0.38125 0.9578125 0.03984375 0.0296875
0 0.40703125 0.903125 0.02578125 0.03828125
0 0.53671875 0.6984375 0.0234375 0.0234375
0 0.34921875 0.75703125 0.03125 0.02734375
0 0.5625 0.671875 0.01640625 0.03203125
0 0.58671875 0.7046875 0.01171875 0.02578125
0 0.7296875 0.73203125 0.01328125 0.02109375
0 0.578125 0.67421875 0.01328125 0.0234375
0 0.8109375 0.6828125 0.0109375 0.0234375
0 0.85078125 0.678125 0.0140625 0.02421875
0 0.8125 0.825 0.03125 0.03046875
0 0.4234375 0.946875 0.03515625 0.0296875
0 0.90859375 0.86171875 0.02109375 0.03828125
0 0.86484375 0.7453125 0.03203125 0.02734375
0 0.9 0.78984375 0.0328125 0.0203125