0 0.45 0.940625 0.0234375 0.034375
0 0.41328125 0.971875 0.0296875 0.0421875
0 0.24296875 0.99140625 0.0359375 0.0171875
0 0.1375 0.9375 0.0296875 0.028125
0 0.3296875 0.7625 0.0234375 0.0265625
0 0.45625 0.71328125 0.0203125 0.0234375
0 0.34453125 0.84296875 0.021875 0.021875
0 0.28671875 0.9421875 0.021875 0.0296875
0 0.425 0.76015625 0.0265625 0.028125
0 0.47734375 0.6921875 0.0203125 0.025
0 0.5203125 0.6703125 0.0140625 0.0234375
0 0.4421875 0.6875 0.0203125 0.0203125
0 0.4203125 0.8515625 0.034375 0.0265625
0 0.39765625 0.7875 0.0203125 0.025
0 0.3796875 0.95078125 0.025 0.03125
0 0.46640625 0.93046875 0.0203125 0.034375
0 0.5734375 0.97421875 0.046875 0.04375
0 0.36953125 0.8203125 0.0265625 0.0265625
0 0.59375 0.6203125 0.0171875 0.0234375
0 0.575 0.71640625 0.01875 0.0296875
0 0.49140625 0.89140625 0.034375 0.03125
0 0.5109375 0.84921875 0.0296875 0.0359375
0 0.53046875 0.88125 0.0375 0.0328125
0 0.48984375 0.871875 0.0203125 0.025
0 0.5828125 0.66953125 0.03125 0.025
0 0.5921875 0.6984375 0.025 0.0296875
0 0.59296875 0.64453125 0.0171875 0.0203125
0 0.6078125 0.63515625 0.0171875 0.021875
0 0.8375 0.70625 0.05 0.034375
0 0.62421875 0.6609375 0.0140625 0.0234375
0 0.86328125 0.62578125 0.0296875 0.025
0 0.8703125 0.6796875 0.034375 0.03125
0 0.91171875 0.7109375 0.034375 0.0359375
0 0.8921875 0.65078125 0.0296875 0.0328125
0 0.41171875 0.66796875 0.01875 0.015625
0 0.48984375 0.72265625 0.0171875 0.025