0 0.484375 0.575 0.00859375 0.040625
0 0.146875 0.5109375 0.02109375 0.03828125
0 0.22109375 0.44140625 0.00859375 0.0328125
0 0.37265625 0.52421875 0.00703125 0.03359375
0 0.38984375 0.528125 0.01171875 0.040625
0 0.18046875 0.446875 0.01015625 0.028125
0 0.1953125 0.4421875 0.01171875 0.0328125
0 0.18046875 0.41484375 0.009375 0.0296875
0 0.36875 0.421875 0.0078125 0.03515625
0 0.38203125 0.415625 0.01015625 0.02890625
0 0.49375 0.57734375 0.00703125 0.02734375
0 0.17890625 0.4796875 0.01171875 0.03671875
0 0.16875 0.484375 0.0109375 0.01875