0 0.11015625 0.71171875 0.0328125 0.01875
0 0.09453125 0.7578125 0.0390625 0.025
0 0.1328125 0.925 0.03125 0.0328125
0 0.2296875 0.99296875 0.025 0.0140625
0 0.3203125 0.75625 0.0234375 0.021875
0 0.31875 0.6203125 0.021875 0.01875
0 0.23984375 0.77265625 0.01875 0.0203125
0 0.1703125 0.86328125 0.028125 0.01875
0 0.28671875 0.6671875 0.0265625 0.025
0 0.33046875 0.59296875 0.0234375 0.01875
0 0.334375 0.54453125 0.0234375 0.0125
0 0.34765625 0.62421875 0.01875 0.01875
0 0.20390625 0.70546875 0.021875 0.0328125
0 0.271875 0.70234375 0.0234375 0.01875
0 0.12734375 0.78046875 0.0296875 0.021875
0 0.11328125 0.6921875 0.034375 0.015625
0 0.0328125 0.609375 0.0390625 0.0421875
0 0.2515625 0.740625 0.025 0.025
0 0.353125 0.45859375 0.021875 0.015625
0 0.271875 0.51171875 0.0296875 0.015625
0 0.140625 0.6546875 0.028125 0.03125
0 0.17265625 0.6203125 0.034375 0.025
0 0.13515625 0.61484375 0.028125 0.0359375
0 0.159375 0.64921875 0.0234375 0.0203125
0 0.31171875 0.48671875 0.021875 0.0296875
0 0.28125 0.4890625 0.0265625 0.021875
0 0.33125 0.46796875 0.01875 0.0140625
0 0.334375 0.45078125 0.0203125 0.0140625
0 0.18203125 0.2640625 0.028125 0.0484375
0 0.3046875 0.4453125 0.0234375 0.0125
0 0.246875 0.2109375 0.021875 0.0265625
0 0.19453125 0.22421875 0.028125 0.0328125
0 0.15 0.19765625 0.0328125 0.03125
0 0.171875 0.05859375 0.0265625 0.0453125
0 0.21328125 0.19296875 0.03125 0.0265625
0 0.37734375 0.64453125 0.0140625 0.0171875
0 0.29765625 0.59296875 0.0234375 0.015625