0 0.846875 0.7234375 0.146875 0.1484375
0 0.15 0.6390625 0.209375 0.134375
0 0.38515625 0.575 0.13828125 0.12578125
0 0.109375 0.828125 0.18359375 0.1453125
0 0.38828125 0.90078125 0.1328125 0.13046875
0 0.190625 0.92890625 0.1890625 0.14140625
0 0.578125 0.91953125 0.2 0.12265625
0 0.615625 0.7453125 0.16484375 0.1359375
0 0.69765625 0.834375 0.17265625 0.11328125
0 0.3828125 0.675 0.1453125 0.11015625
0 0.821875 0.95859375 0.17578125 0.0828125
0 0.51015625 0.81015625 0.14140625 0.11796875
0 0.52265625 0.6015625 0.14453125 0.0984375
0 0.3046875 0.415625 0.2546875 0.1125
0 0.065625 0.41640625 0.13125 0.1390625
0 0.0875 0.15703125 0.17109375 0.09375
0 0.05234375 0.2453125 0.10390625 0.10625
0 0.67578125 0.11484375 0.17265625 0.0953125
0 0.684375 0.2 0.1984375 0.0890625
0 0.671875 0.29765625 0.175 0.11875
0 0.925 0.0921875 0.15 0.184375
0 0.946875 0.3328125 0.10625 0.1265625
0 0.86875 0.37734375 0.19765625 0.109375
0 0.55625 0.32734375 0.1640625 0.09453125
0 0.2359375 0.2671875 0.18984375 0.12890625
0 0.96328125 0.621875 0.0734375 0.1296875
0 0.73125 0.53984375 0.15078125 0.07421875
0 0.6609375 0.4390625 0.125 0.115625
0 0.78671875 0.44765625 0.16015625 0.1
0 0.93046875 0.47109375 0.13828125 0.09375