0 0.5796875 0.41171875 0.0109375 0.03125
0 0.18671875 0.3109375 0.01875 0.0375
0 0.25859375 0.25390625 0.028125 0.0453125
0 0.4734375 0.146875 0.0328125 0.0734375
0 0.584375 0.05546875 0.09375 0.053125
0 0.79609375 0.04296875 0.0328125 0.0484375
0 0.73359375 0.32578125 0.015625 0.0328125
0 0.88359375 0.37265625 0.015625 0.0328125
0 0.7921875 0.253125 0.0234375 0.04375
0 0.85078125 0.2828125 0.0171875 0.053125
0 0.95703125 0.35 0.01875 0.0390625
0 0.8828125 0.17734375 0.03125 0.075
0 0.83671875 0.21171875 0.028125 0.0390625
0 0.8515625 0.2375 0.021875 0.0421875