0 0.346875 0.9578125 0.0375 0.0546875
0 0.34296875 0.74296875 0.021875 0.0234375
0 0.21484375 0.90703125 0.034375 0.028125
0 0.3359375 0.8625 0.0234375 0.028125
0 0.3984375 0.70390625 0.021875 0.0171875
0 0.56484375 0.61171875 0.015625 0.0234375
0 0.4625 0.78203125 0.0234375 0.03125
0 0.39140625 0.90390625 0.0375 0.034375
0 0.44140625 0.72578125 0.0203125 0.021875
0 0.5015625 0.740625 0.03125 0.03125
0 0.54609375 0.70703125 0.0234375 0.028125
0 0.47109375 0.86015625 0.0359375 0.03125
0 0.49609375 0.8109375 0.01875 0.0265625
0 0.640625 0.759375 0.0265625 0.0328125
0 0.66875 0.7609375 0.0234375 0.028125
0 0.6328125 0.79765625 0.025 0.034375
0 0.64296875 0.8140625 0.0265625 0.0328125
0 0.915625 0.678125 0.0234375 0.03125
0 0.64375 0.6484375 0.01875 0.025
0 0.625 0.69921875 0.028125 0.0265625
0 0.6421875 0.709375 0.0265625 0.0234375
0 0.6390625 0.62265625 0.025 0.021875
0 0.7046875 0.578125 0.01875 0.0265625
0 0.6640625 0.7125 0.025 0.021875
0 0.7015625 0.68828125 0.0234375 0.028125
0 0.76640625 0.73671875 0.0421875 0.0328125
0 0.76015625 0.6078125 0.025 0.028125
0 0.665625 0.64609375 0.0203125 0.03125
0 0.65625 0.6578125 0.021875 0.0265625