0 0.51328125 0.50234375 0.0109375 0.04296875
0 0.50703125 0.4140625 0.00703125 0.03359375
0 0.46875 0.3234375 0.0109375 0.0328125
0 0.4796875 0.32578125 0.00703125 0.02109375
0 0.21015625 0.41796875 0.01015625 0.0234375
0 0.2765625 0.37734375 0.0109375 0.02265625
0 0.24375 0.23203125 0.00625 0.0203125
0 0.2609375 0.22578125 0.00625 0.01640625
0 0.34140625 0.18125 0.00546875 0.02578125
0 0.34609375 0.18125 0.00546875 0.015625
0 0.43984375 0.31875 0.00625 0.02421875
0 0.31953125 0.33046875 0.00625 0.02109375
0 0.328125 0.33203125 0.00546875 0.015625
0 0.34609375 0.328125 0.00546875 0.0140625
0 0.34140625 0.328125 0.00625 0.01484375
0 0.75234375 0.25625 0.00625 0.025
0 0.4890625 0.47421875 0.00625 0.01484375
0 0.50703125 0.6515625 0.01484375 0.0296875
0 0.553125 0.61171875 0.0109375 0.04609375
0 0.91953125 0.78984375 0.0109375 0.05625
0 0.953125 0.79296875 0.0140625 0.05234375
0 0.5203125 0.10859375 0.00546875 0.0140625
0 0.52421875 0.10234375 0.00703125 0.01953125
0 0.421875 0.15 0.00625 0.015625
0 0.3953125 0.16015625 0.00625 0.01171875
0 0.359375 0.171875 0.00625 0.01640625
0 0.54296875 0.103125 0.00703125 0.01953125
0 0.546875 0.103125 0.00546875 0.01796875
0 0.890625 0.975 0.015625 0.04921875
0 0.609375 0.30546875 0.00625 0.02265625