0 0.99375 0.58359375 0.0125 0.0390625
0 0.93046875 0.7921875 0.01875 0.0359375
0 0.92265625 0.78359375 0.01875 0.0390625
0 0.85859375 0.7859375 0.01875 0.04375
0 0.8515625 0.80546875 0.01875 0.0296875
0 0.86015625 0.8296875 0.0296875 0.05
0 0.334375 0.84453125 0.021875 0.0453125
0 0.325 0.8421875 0.0234375 0.0453125
0 0.31640625 0.84296875 0.021875 0.0484375
0 0.1375 0.865625 0.021875 0.0484375
0 0.0859375 0.85703125 0.0203125 0.0390625
0 0.09375 0.859375 0.0234375 0.040625
0 0.184375 0.859375 0.0234375 0.0390625
0 0.4234375 0.89140625 0.01875 0.0265625
0 0.415625 0.8921875 0.0203125 0.0453125
0 0.78984375 0.63671875 0.0140625 0.0234375
0 0.72265625 0.74140625 0.0171875 0.0375
0 0.70390625 0.73671875 0.0203125 0.046875
0 0.64765625 0.70390625 0.01875 0.03125
0 0.56484375 0.8171875 0.0203125 0.034375
0 0.5546875 0.8234375 0.01875 0.0359375
0 0.55 0.83203125 0.015625 0.0296875
0 0.509375 0.8359375 0.0203125 0.0328125
0 0.52109375 0.83515625 0.01875 0.0296875
0 0.465625 0.8515625 0.01875 0.0390625
0 0.53828125 0.7921875 0.0203125 0.0328125
0 0.54609375 0.78984375 0.01875 0.034375