0 0.0359375 0.70234375 0.0140625 0.0375
0 0.153125 0.8875 0.0109375 0.034375
0 0.15859375 0.87734375 0.009375 0.03828125
0 0.22109375 0.8640625 0.00859375 0.0421875
0 0.2328125 0.88125 0.01328125 0.02734375
0 0.23046875 0.90703125 0.01875 0.04765625
0 0.91484375 0.9578125 0.0171875 0.04765625
0 0.83203125 0.990625 0.0140625 0.01875
0 0.9765625 0.97109375 0.01875 0.04609375
0 0.9875 0.94140625 0.01484375 0.04453125
0 0.98515625 0.925 0.01640625 0.0453125
0 0.9953125 0.915625 0.009375 0.028125
0 0.9953125 0.95078125 0.00859375 0.04453125
0 0.74375 0.79453125 0.0109375 0.04296875
0 0.75234375 0.78984375 0.01328125 0.04453125
0 0.7609375 0.78828125 0.0109375 0.04609375
0 0.93984375 0.7671875 0.0109375 0.04765625
0 0.98828125 0.74609375 0.01015625 0.03828125
0 0.98125 0.75078125 0.01328125 0.0390625
0 0.89296875 0.77265625 0.01328125 0.03828125
0 0.66875 0.8609375 0.0125 0.02578125
0 0.6765625 0.86015625 0.00859375 0.04375
0 0.2515625 0.703125 0.009375 0.02109375
0 0.3421875 0.78828125 0.01015625 0.0359375
0 0.359375 0.77890625 0.009375 0.0453125
0 0.40625 0.73359375 0.0125 0.0296875
0 0.5140625 0.8234375 0.01171875 0.0328125
0 0.525 0.82734375 0.0109375 0.03359375
0 0.53203125 0.834375 0.01015625 0.02890625
0 0.571875 0.828125 0.0125 0.03046875
0 0.5609375 0.83046875 0.01171875 0.02734375
0 0.61875 0.8328125 0.009375 0.03828125
0 0.53359375 0.79296875 0.01171875 0.03203125
0 0.525 0.7921875 0.0109375 0.0328125