0 0.2 0.95625 0.0546875 0.03125
0 0.35546875 0.803125 0.03125 0.0203125
0 0.36875 0.71796875 0.0296875 0.015625
0 0.1328125 0.69609375 0.05 0.0703125
0 0.10546875 0.42578125 0.0578125 0.0296875
0 0.1359375 0.4734375 0.046875 0.028125
0 0.2484375 0.59375 0.040625 0.0515625
0 0.27109375 0.55 0.0421875 0.0234375
0 0.28671875 0.4046875 0.0359375 0.0203125
0 0.19609375 0.353125 0.040625 0.021875
0 0.0484375 0.4984375 0.059375 0.0296875
0 0.38515625 0.47734375 0.0328125 0.0140625
0 0.3171875 0.4015625 0.0296875 0.0125
0 0.19453125 0.415625 0.040625 0.0296875
0 0.33359375 0.309375 0.0234375 0.0140625
0 0.28125 0.3796875 0.03125 0.0203125
0 0.26015625 0.25234375 0.0359375 0.0234375
0 0.2328125 0.453125 0.0421875 0.0265625
0 0.26171875 0.39609375 0.0359375 0.0203125
0 0.21953125 0.70546875 0.04375 0.0296875
0 0.075 0.95390625 0.0359375 0.0375
0 0.04765625 0.7296875 0.0453125 0.0390625
0 0.28359375 0.28515625 0.0296875 0.01875
0 0.32265625 0.67421875 0.0296875 0.034375
0 0.2046875 0.44375 0.0390625 0.0328125
0 0.2921875 0.36015625 0.0234375 0.0140625
0 0.26015625 0.26796875 0.025 0.015625
0 0.3140625 0.2921875 0.0234375 0.015625
0 0.0546875 0.25625 0.0390625 0.0546875