0 0.72734375 0.2125 0.0375 0.0625
0 0.80234375 0.26875 0.0296875 0.046875
0 0.4953125 0.11328125 0.0515625 0.0890625
0 0.409375 0.40859375 0.01875 0.05625
0 0.1625 0.2703125 0.03125 0.059375
0 0.23671875 0.3421875 0.021875 0.0359375
0 0.08984375 0.409375 0.021875 0.040625
0 0.11171875 0.31484375 0.025 0.04375
0 0.01328125 0.3921875 0.0265625 0.053125
0 0.0546875 0.20078125 0.0453125 0.0890625
0 0.09921875 0.271875 0.0390625 0.0578125
0 0.1015625 0.2140625 0.05625 0.0828125
0 0.22109375 0.33828125 0.01875 0.05
0 0.325 0.04140625 0.1 0.0515625