0 0.41640625 0.88046875 0.0390625 0.028125
0 0.3890625 0.453125 0.040625 0.021875
0 0.33125 0.83359375 0.059375 0.040625
0 0.125 0.67109375 0.1046875 0.0640625
0 0.23984375 0.3171875 0.034375 0.025
0 0.1375 0.2828125 0.0609375 0.0390625
0 0.23203125 0.30625 0.0484375 0.0234375
0 0.15859375 0.2140625 0.0453125 0.0296875
0 0.24140625 0.1578125 0.0375 0.021875
0 0.03359375 0.20546875 0.0671875 0.0515625
0 0.10859375 0.2203125 0.06875 0.0390625
0 0.05546875 0.246875 0.0859375 0.059375
0 0.19296875 0.08984375 0.04375 0.03125