0 0.19375 0.884375 0.1671875 0.04375
0 0.1921875 0.92421875 0.1234375 0.0515625
0 0.453125 0.77734375 0.0953125 0.034375
0 0.47734375 0.7671875 0.0890625 0.034375
0 0.44453125 0.74453125 0.1046875 0.0296875
0 0.5015625 0.71328125 0.0453125 0.025
0 0.459375 0.6796875 0.0609375 0.028125
0 0.46640625 0.67109375 0.0640625 0.03125
0 0.43203125 0.71171875 0.0828125 0.0265625
0 0.46796875 0.71953125 0.040625 0.0203125
0 0.409375 0.22109375 0.0734375 0.0234375
0 0.12109375 0.1203125 0.15 0.053125
0 0.1046875 0.06484375 0.15 0.053125
0 0.40703125 0.23671875 0.084375 0.03125
0 0.45078125 0.2625 0.0796875 0.021875
0 0.509375 0.321875 0.0859375 0.025
0 0.46640625 0.3078125 0.0796875 0.0296875
0 0.5234375 0.2890625 0.0421875 0.0171875
0 0.49375 0.2609375 0.0296875 0.015625
0 0.459375 0.2828125 0.0859375 0.025
0 0.52734375 0.30625 0.0390625 0.01875
0 0.60703125 0.37265625 0.0578125 0.021875
0 0.675 0.5953125 0.04375 0.0140625
0 0.62421875 0.453125 0.04375 0.0140625
0 0.628125 0.44296875 0.059375 0.0171875
0 0.6859375 0.65078125 0.04375 0.0140625
0 0.55859375 0.67421875 0.0625 0.021875
0 0.68359375 0.4109375 0.04375 0.0140625
0 0.646875 0.38671875 0.0359375 0.0171875