0 0.12734375 0.4640625 0.16171875 0.10078125
0 0.24453125 0.5625 0.19453125 0.08671875
0 0.07109375 0.54921875 0.1421875 0.0984375
0 0.33671875 0.40546875 0.16875 0.08984375
0 0.3078125 0.30234375 0.1546875 0.1234375
0 0.43046875 0.25234375 0.1515625 0.13515625
0 0.4046875 0.13046875 0.1828125 0.11875
0 0.6703125 0.22890625 0.165625 0.08125
0 0.53125 0.61171875 0.1625 0.12578125
0 0.12734375 0.7421875 0.2546875 0.090625
0 0.4203125 0.70703125 0.2015625 0.0890625
0 0.71640625 0.30390625 0.18671875 0.07578125
0 0.5265625 0.071875 0.10625 0.14375
0 0.65546875 0.12265625 0.1609375 0.14921875
0 0.8109375 0.0890625 0.16015625 0.1765625
0 0.86484375 0.2671875 0.12109375 0.13203125
0 0.94453125 0.3890625 0.1109375 0.103125
0 0.62578125 0.378125 0.121875 0.0984375
0 0.72578125 0.43046875 0.1078125 0.09765625
0 0.8640625 0.465625 0.15390625 0.10390625
0 0.6984375 0.5390625 0.11328125 0.0765625
0 0.7421875 0.62421875 0.17890625 0.1
0 0.9109375 0.65859375 0.14375 0.1078125
0 0.60390625 0.90859375 0.14765625 0.1328125
0 0.40625 0.840625 0.21953125 0.1640625
0 0.44609375 0.959375 0.1609375 0.08125
0 0.825 0.75078125 0.14453125 0.08828125
0 0.64296875 0.78984375 0.1265625 0.1125
0 0.87578125 0.8515625 0.17578125 0.11328125