0 0.54921875 0.1578125 0.2703125 0.1859375
0 0.22890625 0.18046875 0.209375 0.18125
0 0.51640625 0.28671875 0.240625 0.1640625
0 0.7375 0.3078125 0.2265625 0.1296875
0 0.3796875 0.38125 0.190625 0.153125
0 0.13984375 0.3875 0.1828125 0.14375
0 0.5265625 0.48515625 0.271875 0.146875
0 0.07109375 0.47265625 0.1421875 0.1046875
0 0.21171875 0.47578125 0.2265625 0.15
0 0.5953125 0.34375 0.2140625 0.1453125
0 0.940625 0.640625 0.11875 0.121875
0 0.4171875 0.60078125 0.16875 0.1453125
0 0.51875 0.678125 0.2578125 0.1390625
0 0.75859375 0.7859375 0.2125 0.1546875
0 0.94765625 0.77265625 0.1046875 0.1359375
0 0.87890625 0.54375 0.2421875 0.134375
0 0.78671875 0.63515625 0.19375 0.1796875
0 0.296875 0.72578125 0.234375 0.1390625
0 0.1484375 0.690625 0.1734375 0.121875
0 0.5421875 0.9421875 0.271875 0.115625
0 0.11796875 0.86875 0.1640625 0.128125
0 0.3515625 0.9234375 0.23125 0.153125
0 0.19609375 0.9203125 0.1890625 0.159375
0 0.1359375 0.98359375 0.1625 0.0328125
0 0.090625 0.96171875 0.08125 0.0765625
0 0.5625 0.80625 0.1609375 0.14375
0 0.5921875 0.88984375 0.2046875 0.1203125