0 0.509375 0.43125 0.0078125 0.0421875
0 0.6125 0.4625 0.0078125 0.0328125
0 0.6265625 0.47109375 0.0078125 0.025
0 0.63359375 0.54140625 0.0078125 0.028125
0 0.50234375 0.421875 0.0109375 0.015625
0 0.62890625 0.53359375 0.0078125 0.025
0 0.62421875 0.53671875 0.00625 0.021875
0 0.8140625 0.51640625 0.0109375 0.028125
0 0.82421875 0.51875 0.0046875 0.021875
0 0.78828125 0.52109375 0.00625 0.01875
0 0.80078125 0.5328125 0.009375 0.015625
0 0.8 0.51640625 0.0109375 0.025
0 0.82265625 0.5359375 0.009375 0.015625
0 0.82578125 0.49296875 0.009375 0.01875
0 0.8296875 0.4796875 0.0109375 0.028125
0 0.83125 0.475 0.0140625 0.028125