0 0.4328125 0.51796875 0.0421875 0.009375
0 0.4765625 0.61640625 0.0328125 0.009375
0 0.48671875 0.62890625 0.025 0.0078125
0 0.5578125 0.62734375 0.028125 0.009375
0 0.42265625 0.51171875 0.0171875 0.0125
0 0.54921875 0.6234375 0.025 0.0078125
0 0.5515625 0.61875 0.021875 0.0078125
0 0.5546875 0.809375 0.028125 0.0125
0 0.5578125 0.81953125 0.021875 0.00625
0 0.55625 0.78359375 0.01875 0.0078125
0 0.56875 0.79453125 0.015625 0.0109375
0 0.55234375 0.79609375 0.025 0.0109375
0 0.575 0.815625 0.015625 0.0109375
0 0.5328125 0.82421875 0.01875 0.0109375
0 0.5203125 0.8296875 0.028125 0.0125
0 0.515625 0.83203125 0.0296875 0.015625