0 0.57265625 0.51953125 0.04375 0.0109375
0 0.49375 0.85625 0.0390625 0.0171875
0 0.425 0.775 0.03125 0.0109375
0 0.52109375 0.6265625 0.0375 0.0125
0 0.525 0.6125 0.0375 0.0140625
0 0.4328125 0.79609375 0.0296875 0.0125
0 0.41640625 0.62734375 0.03125 0.0109375
0 0.57421875 0.51015625 0.0296875 0.009375
0 0.4625 0.8203125 0.0375 0.0140625
0 0.47421875 0.83203125 0.034375 0.0109375
0 0.40234375 0.78359375 0.0171875 0.0109375
0 0.41640625 0.6109375 0.028125 0.0078125
0 0.41328125 0.61875 0.021875 0.009375
0 0.43359375 0.81640625 0.03125 0.0109375
0 0.40390625 0.8203125 0.025 0.009375