0 0.05 0.834375 0.05 0.059375
0 0.04765625 0.72890625 0.0359375 0.0484375
0 0.18984375 0.6046875 0.0203125 0.0234375
0 0.27421875 0.60234375 0.01875 0.028125
0 0.43984375 0.9125 0.0375 0.05625
0 0.27109375 0.80859375 0.05 0.046875
0 0.271875 0.73671875 0.0375 0.0421875
0 0.41875 0.71328125 0.0296875 0.04375
0 0.5046875 0.75859375 0.025 0.040625
0 0.23046875 0.8734375 0.0421875 0.0421875
0 0.6828125 0.76328125 0.0171875 0.0296875
0 0.6984375 0.759375 0.0203125 0.03125
0 0.5078125 0.8828125 0.040625 0.0578125
0 0.5 0.62421875 0.021875 0.034375
0 0.6578125 0.68828125 0.01875 0.025
0 0.66953125 0.709375 0.0171875 0.0296875
0 0.3671875 0.7265625 0.04375 0.034375
0 0.51171875 0.78359375 0.0296875 0.0375
0 0.53046875 0.7984375 0.0296875 0.0390625
0 0.59140625 0.8078125 0.028125 0.05
0 0.5578125 0.7171875 0.025 0.0375
0 0.58203125 0.72578125 0.0203125 0.0296875
0 0.56328125 0.7421875 0.025 0.0375
0 0.47109375 0.84609375 0.0328125 0.040625
0 0.30703125 0.65234375 0.0328125 0.028125
0 0.56640625 0.69140625 0.01875 0.0265625
0 0.6 0.72109375 0.015625 0.01875
0 0.64609375 0.93125 0.05625 0.04375
0 0.67109375 0.740625 0.0203125 0.03125