0 0.10859375 0.37578125 0.18515625 0.10703125
0 0.35859375 0.30625 0.28515625 0.1609375
0 0.3359375 0.3640625 0.18671875 0.13359375
0 0.51953125 0.10703125 0.23515625 0.1375
0 0.6453125 0.1828125 0.14296875 0.14453125
0 0.7203125 0.2859375 0.184375 0.11953125
0 0.9015625 0.38125 0.16640625 0.12578125
0 0.6140625 0.37890625 0.20859375 0.15234375
0 0.72890625 0.453125 0.1625 0.096875
0 0.0890625 0.8515625 0.178125 0.125
0 0.1015625 0.71328125 0.203125 0.10703125
0 0.1453125 0.5859375 0.2453125 0.13046875
0 0.2875 0.703125 0.175 0.13828125
0 0.25546875 0.8921875 0.14765625 0.103125
0 0.3328125 0.81171875 0.18984375 0.13046875
0 0.4375 0.49609375 0.23046875 0.12265625
0 0.49375 0.5671875 0.24296875 0.11640625
0 0.9109375 0.59921875 0.17734375 0.11015625
0 0.6296875 0.6578125 0.159375 0.10234375
0 0.821875 0.70703125 0.26484375 0.16640625
0 0.484375 0.82109375 0.1359375 0.15234375
0 0.60390625 0.93828125 0.134375 0.11640625
0 0.4515625 0.91015625 0.10390625 0.084375
0 0.6265625 0.84453125 0.1578125 0.10234375
0 0.76015625 0.9 0.17578125 0.2
0 0.86484375 0.8671875 0.19765625 0.11796875
0 0.94375 0.78828125 0.1125 0.0890625