0 0.271875 0.95546875 0.01640625 0.02890625
0 0.29375 0.92734375 0.01640625 0.02734375
0 0.36171875 0.86796875 0.01640625 0.025
0 0.31640625 0.91171875 0.01796875 0.02578125
0 0.3421875 0.88515625 0.02109375 0.02890625
0 0.5609375 0.96953125 0.01484375 0.0375
0 0.4140625 0.92265625 0.0140625 0.0515625
0 0.39609375 0.990625 0.01171875 0.01796875
0 0.4 0.97734375 0.01171875 0.02734375
0 0.43515625 0.9453125 0.0109375 0.01953125
0 0.51015625 0.9421875 0.0125 0.03125
0 0.45078125 0.8828125 0.01328125 0.028125
0 0.60546875 0.93828125 0.009375 0.0234375
0 0.60859375 0.91796875 0.00859375 0.02421875
0 0.63984375 0.93046875 0.01171875 0.0375
0 0.61875 0.97109375 0.01015625 0.03203125
0 0.71171875 0.8890625 0.0109375 0.028125
0 0.62265625 0.9375 0.01328125 0.034375
0 0.5421875 0.73671875 0.01171875 0.034375
0 0.3953125 0.50078125 0.01328125 0.0375
0 0.50703125 0.5640625 0.01015625 0.03203125
0 0.49765625 0.5046875 0.0109375 0.03984375
0 0.38984375 0.42109375 0.009375 0.03828125
0 0.48359375 0.47890625 0.01015625 0.03125
0 0.484375 0.44296875 0.0109375 0.025
0 0.5140625 0.5484375 0.009375 0.03359375
0 0.5109375 0.56015625 0.01015625 0.03046875
0 0.46171875 0.37265625 0.0109375 0.03203125
0 0.4 0.43515625 0.00859375 0.03046875
0 0.3859375 0.31171875 0.01015625 0.028125