0 0.38828125 0.53359375 0.0140625 0.0390625
0 0.37265625 0.52890625 0.01171875 0.0375
0 0.48515625 0.56953125 0.0125 0.04609375
0 0.1765625 0.4921875 0.009375 0.034375
0 0.15859375 0.51953125 0.01171875 0.0390625
0 0.1859375 0.46328125 0.01171875 0.03203125
0 0.203125 0.46484375 0.01171875 0.03203125
0 0.16640625 0.49765625 0.0140625 0.02890625
0 0.37265625 0.44765625 0.0203125 0.034375
0 0.49296875 0.57734375 0.009375 0.03359375
0 0.1765625 0.4609375 0.01015625 0.02734375
0 0.17734375 0.440625 0.0125 0.0203125