0 0.24296875 0.93828125 0.0453125 0.028125
0 0.59296875 0.85859375 0.0359375 0.025
0 0.59296875 0.75234375 0.0203125 0.025
0 0.46328125 0.8125 0.0609375 0.0265625
0 0.53671875 0.78984375 0.0171875 0.0296875
0 0.2125 0.76171875 0.04375 0.028125
0 0.540625 0.5890625 0.0203125 0.021875
0 0.5109375 0.58359375 0.034375 0.021875
0 0.378125 0.58203125 0.059375 0.0265625
0 0.4875 0.6171875 0.0140625 0.021875
0 0.46875 0.8375 0.0453125 0.0203125
0 0.53125 0.246875 0.0234375 0.0171875
0 0.55859375 0.253125 0.0140625 0.015625
0 0.53515625 0.26328125 0.0171875 0.0140625
0 0.5625 0.2765625 0.0265625 0.01875
0 0.46953125 0.27265625 0.009375 0.0125
0 0.33984375 0.378125 0.0421875 0.021875
0 0.28828125 0.32578125 0.065625 0.028125
0 0.27109375 0.3078125 0.0671875 0.03125
0 0.36640625 0.2171875 0.0515625 0.0203125
0 0.34453125 0.2015625 0.03125 0.01875
0 0.15625 0.3578125 0.021875 0.0171875
0 0.26953125 0.0640625 0.021875 0.0359375
0 0.0046875 0.2625 0.009375 0.028125
0 0.00625 0.1984375 0.0125 0.021875
0 0.15703125 0.5828125 0.0171875 0.0125
0 0.1703125 0.56171875 0.0296875 0.01875
0 0.14765625 0.55078125 0.04375 0.01875