0 0.16484375 0.990625 0.05078125 0.01875
0 0.1640625 0.94140625 0.025 0.03203125
0 0.18515625 0.88046875 0.0203125 0.0421875
0 0.24765625 0.83828125 0.021875 0.0359375
0 0.1578125 0.775 0.0234375 0.0234375
0 0.98828125 0.95 0.0234375 0.03125
0 0.52578125 0.80234375 0.0171875 0.0421875
0 0.64296875 0.78671875 0.01484375 0.02734375
0 0.38203125 0.73828125 0.009375 0.021875
0 0.29921875 0.81484375 0.03046875 0.02265625
0 0.25703125 0.7640625 0.01328125 0.02890625
0 0.290625 0.67734375 0.01328125 0.0203125
0 0.3796875 0.6890625 0.01484375 0.01953125
0 0.4203125 0.7171875 0.01171875 0.02734375
0 0.36015625 0.80625 0.03828125 0.02421875
0 0.47265625 0.70234375 0.015625 0.028125
0 0.5828125 0.6625 0.01171875 0.03125
0 0.790625 0.77265625 0.015625 0.034375
0 0.6171875 0.7296875 0.01953125 0.0296875
0 0.59609375 0.6859375 0.0109375 0.03203125
0 0.546875 0.72265625 0.03671875 0.02421875
0 0.5828125 0.69609375 0.015625 0.03203125
0 0.66328125 0.67734375 0.01015625 0.0265625
0 0.5421875 0.7734375 0.0203125 0.02421875
0 0.5640625 0.784375 0.01328125 0.03125
0 0.55703125 0.73671875 0.0171875 0.02265625
0 0.5765625 0.73984375 0.01953125 0.02578125