0 0.3375 0.9125 0.01484375 0.03046875
0 0.29375 0.93359375 0.0203125 0.03828125
0 0.12265625 0.91640625 0.0296875 0.02734375
0 0.03671875 0.82890625 0.025 0.02109375
0 0.2671875 0.709375 0.01796875 0.02109375
0 0.40234375 0.69453125 0.015625 0.0203125
0 0.2609375 0.79140625 0.01953125 0.0171875
0 0.1796875 0.871875 0.01640625 0.0265625
0 0.36015625 0.73203125 0.02265625 0.0234375
0 0.428125 0.6796875 0.015625 0.02265625
0 0.47578125 0.66953125 0.01015625 0.02109375
0 0.3953125 0.66640625 0.0171875 0.0171875
0 0.33203125 0.81875 0.03046875 0.01875
0 0.3265625 0.75078125 0.01484375 0.02265625
0 0.2671875 0.90390625 0.01796875 0.02734375
0 0.35625 0.90703125 0.01328125 0.0328125
0 0.4484375 0.97734375 0.0390625 0.03359375
0 0.29140625 0.77578125 0.021875 0.021875
0 0.559375 0.640625 0.0125 0.0203125
0 0.51640625 0.728125 0.01328125 0.02734375
0 0.390625 0.87578125 0.02734375 0.025
0 0.4203125 0.83984375 0.02109375 0.03203125
0 0.43046875 0.87578125 0.0328125 0.02578125
0 0.39375 0.85625 0.01640625 0.02265625
0 0.5359375 0.68515625 0.028125 0.01953125
0 0.5375 0.715625 0.01875 0.02578125
0 0.55234375 0.66328125 0.0125 0.0171875
0 0.56875 0.65859375 0.01171875 0.01796875
0 0.77265625 0.78671875 0.0453125 0.0234375
0 0.578125 0.6875 0.009375 0.02265625
0 0.81796875 0.715625 0.02421875 0.01796875
0 0.8109375 0.76953125 0.0296875 0.025
0 0.84296875 0.81015625 0.02890625 0.0296875
0 0.978125 0.771875 0.04375 0.021875
0 0.83984375 0.746875 0.0234375 0.028125
0 0.37109375 0.6390625 0.01484375 0.0125
0 0.4328125 0.7125 0.01328125 0.02109375