0 0.6484375 0.13984375 0.0359375 0.021875
0 0.6015625 0.565625 0.040625 0.015625
0 0.72421875 0.20078125 0.05625 0.0328125
0 0.8984375 0.396875 0.1 0.0484375
0 0.72421875 0.725 0.0328125 0.0203125
0 0.81875 0.77734375 0.0578125 0.028125
0 0.73046875 0.73671875 0.0484375 0.0171875
0 0.7859375 0.84140625 0.04375 0.021875
0 0.6953125 0.88203125 0.0359375 0.0171875
0 0.91796875 0.87265625 0.084375 0.0375
0 0.83671875 0.84296875 0.0671875 0.0296875
0 0.89375 0.8265625 0.08125 0.046875
0 0.73125 0.95703125 0.040625 0.025