0 0.35625 0.08125 0.0578125 0.1328125
0 0.20859375 0.09296875 0.0421875 0.0859375
0 0.32890625 0.1375 0.046875 0.1
0 0.315625 0.19609375 0.021875 0.0296875
0 0.18515625 0.33203125 0.028125 0.0609375
0 0.1171875 0.38046875 0.021875 0.046875
0 0.1703125 0.334375 0.0265625 0.0609375
0 0.13203125 0.303125 0.028125 0.0609375
0 0.33515625 0.2578125 0.0359375 0.0859375
0 0.2640625 0.28515625 0.0296875 0.0515625
0 0.12734375 0.271875 0.028125 0.0578125
0 0.3046875 0.303125 0.0296875 0.04375
0 0.40859375 0.01953125 0.0421875 0.0390625
0 0.42734375 0.03671875 0.0453125 0.0734375
0 0.44765625 0.06796875 0.0421875 0.075
0 0.46171875 0.078125 0.0375 0.0625
0 0.465625 0.13671875 0.0296875 0.0578125
0 0.48984375 0.14453125 0.040625 0.0984375
0 0.4796875 0.1 0.0375 0.0578125
0 0.34296875 0.45859375 0.0171875 0.04375
0 0.49609375 0.4875 0.01875 0.046875
0 0.3125 0.490625 0.01875 0.0453125
0 0.2984375 0.48828125 0.0203125 0.0421875
0 0.2921875 0.52109375 0.015625 0.021875
0 0.3296875 0.51796875 0.0140625 0.025
0 0.33203125 0.4984375 0.015625 0.0234375
0 0.52734375 0.1328125 0.034375 0.06875
0 0.53359375 0.1546875 0.03125 0.0484375
0 0.54140625 0.2359375 0.021875 0.0375
0 0.56171875 0.25 0.025 0.0453125
0 0.54921875 0.19375 0.0296875 0.0546875
0 0.56875 0.2125 0.0296875 0.053125
0 0.6078125 0.2875 0.015625 0.0265625
0 0.62265625 0.27421875 0.028125 0.04375
0 0.64296875 0.30234375 0.021875 0.04375
0 0.60546875 0.23984375 0.0203125 0.0328125
0 0.703125 0.41953125 0.025 0.059375
0 0.696875 0.41171875 0.025 0.0359375
0 0.70390625 0.37890625 0.025 0.05
0 0.5140625 0.403125 0.021875 0.034375
0 0.51328125 0.3515625 0.0265625 0.0640625
0 0.52578125 0.3359375 0.0296875 0.0671875
0 0.54765625 0.30859375 0.0359375 0.0859375
0 0.51953125 0.37734375 0.0171875 0.0265625
0 0.5328125 0.3671875 0.01875 0.0296875
0 0.6015625 0.33125 0.028125 0.053125
0 0.66953125 0.4109375 0.021875 0.034375
0 0.67578125 0.32890625 0.028125 0.053125
0 0.690625 0.35625 0.028125 0.053125
0 0.67265625 0.359375 0.0203125 0.0296875
0 0.934375 0.5234375 0.025 0.059375
0 0.8625 0.4796875 0.028125 0.053125
0 0.9734375 0.54609375 0.0234375 0.0546875
0 0.990625 0.53828125 0.01875 0.0578125
0 0.97890625 0.634375 0.015625 0.0390625
0 0.8734375 0.48203125 0.021875 0.046875
0 0.90625 0.49765625 0.028125 0.0625
0 0.92421875 0.5234375 0.021875 0.0484375
0 0.778125 0.54765625 0.021875 0.0453125
0 0.74453125 0.553125 0.0234375 0.0453125
0 0.753125 0.55703125 0.0171875 0.0390625
0 0.76171875 0.565625 0.01875 0.0359375