0 0.13203125 0.825 0.1671875 0.0375
0 0.12265625 0.8640625 0.1234375 0.046875
0 0.40546875 0.76484375 0.0953125 0.03125
0 0.43125 0.759375 0.0890625 0.03125
0 0.403125 0.73125 0.1046875 0.0265625
0 0.4640625 0.71015625 0.0453125 0.0234375
0 0.42890625 0.66953125 0.0609375 0.0265625
0 0.43671875 0.6625 0.0640625 0.0296875
0 0.39609375 0.69609375 0.0828125 0.025
0 0.43046875 0.71015625 0.040625 0.01875
0 0.459375 0.209375 0.0734375 0.0203125
0 0.1921875 0.06015625 0.1484375 0.046875
0 0.18515625 0.0125 0.1484375 0.025
0 0.45390625 0.22421875 0.084375 0.0296875
0 0.49296875 0.2578125 0.0796875 0.01875
0 0.540625 0.3265625 0.0859375 0.021875
0 0.5 0.3046875 0.0796875 0.0265625
0 0.559375 0.296875 0.040625 0.015625
0 0.53515625 0.26328125 0.0296875 0.0140625
0 0.49765625 0.27890625 0.0859375 0.021875
0 0.5609375 0.3140625 0.0390625 0.01875
0 0.62734375 0.39296875 0.0578125 0.01875
0 0.65546875 0.62421875 0.04375 0.0125
0 0.63046875 0.47578125 0.04375 0.0125
0 0.6359375 0.46640625 0.0578125 0.015625
0 0.65703125 0.68125 0.04375 0.0125
0 0.52734375 0.68203125 0.0625 0.0203125
0 0.696875 0.44375 0.04375 0.0125
0 0.6640625 0.41328125 0.0359375 0.0171875