0 0.1671875 0.49765625 0.0078125 0.034375
0 0.1765625 0.48359375 0.00703125 0.03359375
0 0.37265625 0.52265625 0.00703125 0.02890625
0 0.38828125 0.5328125 0.01171875 0.0375
0 0.484375 0.57421875 0.00703125 0.04296875
0 0.49296875 0.57578125 0.01328125 0.02890625
0 0.36875 0.4328125 0.0109375 0.034375
0 0.37734375 0.43046875 0.01015625 0.0328125
0 0.38671875 0.43046875 0.009375 0.03359375
0 0.1484375 0.51484375 0.015625 0.03359375
0 0.1984375 0.4515625 0.00859375 0.0328125
0 0.18515625 0.453125 0.0046875 0.02578125
0 0.18125 0.4515625 0.0078125 0.02578125
0 0.18046875 0.43359375 0.00859375 0.01640625
0 0.171875 0.4328125 0.0078125 0.03203125
0 0.21640625 0.45234375 0.0078125 0.028125