0 0.54921875 0.5375 0.3046875 0.196875
0 0.73515625 0.68359375 0.3 0.2359375
0 0.625 0.88359375 0.2953125 0.1953125
0 0.0890625 0.77109375 0.178125 0.1984375
0 0.896875 0.55 0.20625 0.15
0 0.85625 0.41484375 0.209375 0.1578125
0 0.94375 0.47890625 0.1125 0.1265625
0 0.94921875 0.37890625 0.1015625 0.1828125
0 0.9546875 0.275 0.090625 0.13125
0 0.84140625 0.29921875 0.2171875 0.190625
0 0.72734375 0.109375 0.253125 0.1640625
0 0.63046875 0.23671875 0.1625 0.1234375
0 0.61171875 0.175 0.1796875 0.1609375
0 0.596875 0.40078125 0.184375 0.134375
0 0.4796875 0.4234375 0.2296875 0.1671875
0 0.49140625 0.63515625 0.1515625 0.1328125
0 0.38828125 0.6890625 0.196875 0.1625
0 0.31328125 0.57578125 0.21875 0.1703125
0 0.22734375 0.4515625 0.2171875 0.153125
0 0.11484375 0.5046875 0.2296875 0.16875
0 0.0546875 0.4375 0.109375 0.121875
0 0.2359375 0.28125 0.2046875 0.1484375
0 0.35859375 0.2234375 0.271875 0.2328125
0 0.24453125 0.0859375 0.2890625 0.171875
0 0.23359375 0.01796875 0.1984375 0.0359375
0 0.3125 0.02734375 0.234375 0.0546875
0 0.49765625 0.08203125 0.2296875 0.1640625