0 0.246875 0.06640625 0.1 0.1328125
0 0.31015625 0.06484375 0.0828125 0.1296875
0 0.24609375 0.11640625 0.0828125 0.1671875
0 0.7421875 0.1 0.0890625 0.128125
0 0.465625 0.41875 0.065625 0.11875
0 0.3515625 0.1859375 0.059375 0.096875
0 0.35546875 0.3671875 0.0484375 0.1125
0 0.3375 0.4859375 0.04375 0.096875
0 0.725 0.6140625 0.0359375 0.075
0 0.31875 0.6046875 0.0359375 0.071875
0 0.32109375 0.43828125 0.0453125 0.1
0 0.98984375 0.38828125 0.0203125 0.1359375
0 0.88203125 0.48984375 0.059375 0.1265625
0 0.96875 0.4828125 0.053125 0.121875
0 0.75390625 0.61640625 0.04375 0.0859375
0 0.79453125 0.58125 0.0390625 0.1
0 0.8578125 0.51953125 0.05 0.1125
0 0.83984375 0.56328125 0.028125 0.046875
0 0.9125 0.46484375 0.0484375 0.115625
0 0.9078125 0.54140625 0.0296875 0.04375
0 0.9390625 0.46875 0.0578125 0.1234375
0 0.4671875 0.7109375 0.0265625 0.046875
0 0.6375 0.58515625 0.0453125 0.090625
0 0.42265625 0.0984375 0.0546875 0.1078125
0 0.359375 0.02890625 0.06875 0.0578125
0 0.3578125 0.09921875 0.059375 0.1125
0 0.43203125 0.13515625 0.059375 0.109375
0 0.35703125 0.58125 0.0359375 0.075
0 0.67421875 0.646875 0.028125 0.053125
0 0.62734375 0.6859375 0.03125 0.0625