0 0.3390625 0.01796875 0.0484375 0.0359375
0 0.665625 0.16875 0.0390625 0.03125
0 0.64296875 0.27265625 0.025 0.028125
0 0.52890625 0.18671875 0.0625 0.0375
0 0.59609375 0.2234375 0.021875 0.03125
0 0.2734375 0.18359375 0.046875 0.0359375
0 0.55859375 0.42109375 0.0234375 0.025
0 0.528125 0.4203125 0.0375 0.028125
0 0.39765625 0.39453125 0.0609375 0.0375
0 0.5125 0.3828125 0.0171875 0.0234375
0 0.5390625 0.16328125 0.046875 0.0296875
0 0.478125 0.75390625 0.025 0.021875
0 0.50546875 0.753125 0.015625 0.0171875
0 0.48515625 0.7390625 0.01875 0.0171875
0 0.51484375 0.73203125 0.0296875 0.0234375
0 0.42265625 0.715625 0.0109375 0.0140625
0 0.31796875 0.5859375 0.04375 0.0296875
0 0.25625 0.6265625 0.0671875 0.0390625
0 0.23671875 0.640625 0.0703125 0.04375
0 0.31015625 0.74921875 0.053125 0.0296875
0 0.2859375 0.759375 0.0328125 0.0234375
0 0.134375 0.56796875 0.0234375 0.0203125
0 0.184375 0.87890625 0.028125 0.0390625
0 0.18125 0.34765625 0.01875 0.015625
0 0.190625 0.37109375 0.03125 0.0234375
0 0.165625 0.37734375 0.0453125 0.0265625