0 0.69921875 0.0546875 0.0625 0.0828125
0 0.2203125 0.1984375 0.06875 0.1671875
0 0.22265625 0.2921875 0.0484375 0.078125
0 0.27265625 0.1890625 0.053125 0.1796875
0 0.478125 0.33671875 0.053125 0.09375
0 0.3203125 0.31015625 0.04375 0.0796875
0 0.3125 0.13046875 0.0578125 0.18125
0 0.37890625 0.0421875 0.0578125 0.084375
0 0.315625 0.253125 0.040625 0.071875
0 0.37109375 0.23828125 0.04375 0.0875
0 0.3796875 0.27578125 0.0328125 0.0578125
0 0.921875 0.39921875 0.053125 0.121875
0 0.9796875 0.4125 0.040625 0.121875
0 0.99140625 0.38046875 0.0171875 0.1265625
0 0.3421875 0.43671875 0.034375 0.109375
0 0.83828125 0.4828125 0.0390625 0.1109375
0 0.8984375 0.49375 0.0265625 0.0640625
0 0.81015625 0.55390625 0.021875 0.0359375
0 0.8203125 0.50859375 0.0328125 0.090625
0 0.88359375 0.45 0.040625 0.109375
0 0.33828125 0.54765625 0.0328125 0.0875
0 0.61953125 0.59765625 0.0296875 0.0765625
0 0.70703125 0.609375 0.028125 0.0734375
0 0.76171875 0.57109375 0.0296875 0.0953125
0 0.73359375 0.603125 0.0328125 0.0859375