0 0.228125 0.84921875 0.046875 0.1328125
0 0.0921875 0.78984375 0.034375 0.0859375
0 0.2203125 0.78671875 0.0375 0.1
0 0.2265625 0.72734375 0.0203125 0.028125
0 0.14765625 0.55625 0.0234375 0.0609375
0 0.09921875 0.48828125 0.0171875 0.046875
0 0.134375 0.54921875 0.0203125 0.0609375
0 0.08828125 0.56640625 0.0234375 0.0609375
0 0.26484375 0.675 0.028125 0.0859375
0 0.20703125 0.62578125 0.0265625 0.05
0 0.0734375 0.59375 0.0234375 0.05625
0 0.2515625 0.621875 0.0265625 0.04375
0 0.2515625 0.9390625 0.0359375 0.0703125
0 0.2796875 0.91875 0.0390625 0.0796875
0 0.309375 0.89140625 0.0359375 0.0734375
0 0.3265625 0.88671875 0.0328125 0.0625
0 0.34921875 0.8328125 0.025 0.05625
0 0.375 0.8328125 0.0296875 0.0984375
0 0.35078125 0.87109375 0.0328125 0.05625
0 0.3375 0.48828125 0.0140625 0.04375
0 0.4921875 0.5109375 0.0140625 0.046875
0 0.31953125 0.44765625 0.0140625 0.0453125
0 0.30625 0.4453125 0.0171875 0.0421875
0 0.31015625 0.4125 0.0140625 0.021875
0 0.3453125 0.42734375 0.0125 0.025
0 0.340625 0.446875 0.0140625 0.0234375
0 0.40703125 0.85625 0.0296875 0.0671875
0 0.41953125 0.8375 0.028125 0.046875
0 0.453125 0.76328125 0.01875 0.0375
0 0.47734375 0.75625 0.0203125 0.0453125
0 0.446875 0.80625 0.025 0.053125
0 0.471875 0.79375 0.0265625 0.0515625
0 0.53203125 0.7359375 0.0140625 0.0265625
0 0.54296875 0.753125 0.025 0.0421875
0 0.5703125 0.7328125 0.01875 0.04375
0 0.51484375 0.78046875 0.0171875 0.0328125
0 0.665625 0.6421875 0.0203125 0.059375
0 0.65703125 0.64765625 0.021875 0.034375
0 0.653125 0.68125 0.021875 0.05
0 0.48203125 0.59609375 0.01875 0.0328125
0 0.4640625 0.64453125 0.021875 0.0640625
0 0.47109375 0.66328125 0.0234375 0.0671875
0 0.4828125 0.69609375 0.028125 0.0859375
0 0.47890625 0.62265625 0.015625 0.0265625
0 0.48828125 0.6359375 0.015625 0.0296875
0 0.540625 0.6921875 0.025 0.0515625
0 0.63046875 0.63984375 0.01875 0.0328125
0 0.6109375 0.71875 0.025 0.0515625
0 0.6328125 0.6984375 0.025 0.0515625
0 0.61796875 0.6890625 0.0171875 0.0296875
0 0.91796875 0.61875 0.0203125 0.059375
0 0.8359375 0.6375 0.025 0.0515625
0 0.9625 0.61015625 0.01875 0.0546875
0 0.98046875 0.625 0.021875 0.0578125
0 0.99453125 0.52890625 0.0109375 0.0390625
0 0.84765625 0.6390625 0.0171875 0.0453125
0 0.88359375 0.634375 0.0234375 0.0625
0 0.90859375 0.615625 0.01875 0.0484375
0 0.77890625 0.5453125 0.0171875 0.0453125
0 0.7484375 0.5296875 0.01875 0.0453125
0 0.7578125 0.528125 0.0140625 0.0390625
0 0.76875 0.52265625 0.0171875 0.0359375