0 0.540625 0.86484375 0.009375 0.028125
0 0.57890625 0.9359375 0.009375 0.04375
0 0.69765625 0.9390625 0.015625 0.028125
0 0.6828125 0.93359375 0.015625 0.0265625
0 0.6765625 0.92109375 0.01875 0.021875
0 0.72265625 0.96953125 0.0109375 0.028125
0 0.64765625 0.8921875 0.01875 0.028125
0 0.36015625 0.9546875 0.0125 0.0328125
0 0.271875 0.89140625 0.009375 0.0203125
0 0.30859375 0.92890625 0.0125 0.03125
0 0.28125 0.9140625 0.009375 0.03125
0 0.3828125 0.95390625 0.009375 0.028125
0 0.37421875 0.953125 0.009375 0.03125
0 0.34453125 0.94375 0.015625 0.0296875
0 0.55 0.9375 0.015625 0.028125
0 0.4765625 0.95 0.009375 0.03125
0 0.43125 0.978125 0.009375 0.028125
0 0.35546875 0.934375 0.00625 0.028125
0 0.3421875 0.90546875 0.0171875 0.028125
0 0.31875 0.91953125 0.0125 0.028125
0 0.29296875 0.9046875 0.009375 0.03125
0 0.22734375 0.95546875 0.0109375 0.0296875
0 0.44921875 0.73359375 0.009375 0.03125
0 0.48359375 0.56484375 0.009375 0.028125
0 0.49765625 0.51328125 0.009375 0.0328125
0 0.49296875 0.50234375 0.009375 0.0375
0 0.60546875 0.5109375 0.009375 0.034375
0 0.60703125 0.425 0.0078125 0.0328125
0 0.5984375 0.4234375 0.009375 0.0203125
0 0.51171875 0.47734375 0.009375 0.0234375
0 0.5359375 0.375 0.009375 0.028125
0 0.43515625 0.73984375 0.0125 0.034375
0 0.45 0.68671875 0.009375 0.01875
0 0.521875 0.40625 0.009375 0.0234375
0 0.51171875 0.44453125 0.009375 0.0234375
0 0.6125 0.3171875 0.0078125 0.034375
0 0.55 0.3140625 0.00625 0.025
0 0.53671875 0.3140625 0.009375 0.025