0 0.071875 0.3921875 0.0359375 0.01875
0 0.025 0.47890625 0.0421875 0.0171875
0 0.0265625 0.36796875 0.0203125 0.0109375
0 0.003125 0.60390625 0.00625 0.0171875
0 0.01015625 0.5953125 0.0203125 0.01875
0 0.053125 0.565625 0.028125 0.01875
0 0.0140625 0.58359375 0.021875 0.015625
0 0.21328125 0.46875 0.034375 0.015625
0 0.109375 0.5140625 0.0265625 0.0140625
0 0.1171875 0.3203125 0.0359375 0.015625
0 0.05234375 0.24609375 0.0203125 0.0109375
0 0.28046875 0.38671875 0.0375 0.0171875
0 0.09765625 0.2296875 0.028125 0.0171875
0 0.1234375 0.15546875 0.0265625 0.0171875
0 0.10234375 0.16796875 0.0328125 0.0140625
0 0.10234375 0.16171875 0.03125 0.0140625
0 0.103125 0.17578125 0.0328125 0.0140625
0 0.08671875 0.21328125 0.0359375 0.015625
0 0.09375 0.2234375 0.0328125 0.0140625
0 0.04921875 0.26484375 0.021875 0.0140625
0 0.05546875 0.23515625 0.0203125 0.0140625
0 0.0484375 0.25546875 0.0171875 0.0125
0 0.4265625 0.44921875 0.0265625 0.015625
0 0.42734375 0.45859375 0.0265625 0.015625
0 0.3140625 0.3890625 0.0234375 0.0125
0 0.4078125 0.45390625 0.025 0.0140625
0 0.47109375 0.58359375 0.0375 0.0171875
0 0.4890625 0.4765625 0.0296875 0.015625
0 0.52265625 0.53046875 0.0328125 0.015625
0 0.51328125 0.48671875 0.0296875 0.015625
0 0.52265625 0.49765625 0.0234375 0.0140625
0 0.56328125 0.60703125 0.0296875 0.015625
0 0.55 0.50390625 0.0203125 0.009375
0 0.57109375 0.5984375 0.0265625 0.0140625
0 0.63671875 0.5453125 0.0265625 0.0140625