0 0.490625 0.00859375 0.040625 0.0171875
0 0.2734375 0.12109375 0.0484375 0.025
0 0.24609375 0.371875 0.0421875 0.021875
0 0.30625 0.2796875 0.040625 0.021875
0 0.3109375 0.2625 0.0359375 0.0203125
0 0.27734375 0.04453125 0.04375 0.0234375
0 0.00859375 0.40859375 0.0140625 0.0125
0 0.165625 0.64296875 0.0484375 0.0265625
0 0.225 0.1125 0.0546875 0.0328125
0 0.25546875 0.12109375 0.0203125 0.015625
0 0.16484375 0.66015625 0.04375 0.021875
0 0.32890625 0.3421875 0.034375 0.021875
0 0.41015625 0.20703125 0.0265625 0.0171875
0 0.21171875 0.415625 0.034375 0.021875
0 0.2375 0.43515625 0.0390625 0.0203125
0 0.13515625 0.79453125 0.04375 0.0265625
0 0.12265625 0.84765625 0.0328125 0.0203125
0 0.125 0.88359375 0.0359375 0.021875
0 0.13203125 0.88984375 0.0421875 0.0203125
0 0.17265625 0.5265625 0.04375 0.0234375
0 0.20546875 0.42421875 0.0328125 0.01875
0 0.23359375 0.44375 0.0328125 0.0171875
0 0.19609375 0.43046875 0.034375 0.01875
0 0.18984375 0.45546875 0.0328125 0.021875
0 0.1875 0.47109375 0.0390625 0.0296875
0 0.1421875 0.88359375 0.0296875 0.01875
0 0.14375 0.875 0.0296875 0.0171875