0 0.21875 0.646875 0.04453125 0.1421875
0 0.46640625 0.8234375 0.03203125 0.04921875
0 0.47265625 0.89765625 0.05625 0.09765625
0 0.2640625 0.65234375 0.03515625 0.1421875
0 0.94453125 0.621875 0.034375 0.0984375
0 0.2296875 0.56796875 0.0328125 0.03984375
0 0.96640625 0.64375 0.0390625 0.12265625
0 0.81875 0.5515625 0.03359375 0.096875
0 0.88046875 0.56640625 0.0328125 0.09765625
0 0.8671875 0.521875 0.021875 0.06015625
0 0.31640625 0.67421875 0.03828125 0.090625
0 0.33515625 0.48515625 0.0265625 0.0859375
0 0.2921875 0.6609375 0.03046875 0.14765625
0 0.309375 0.58359375 0.03671875 0.09375
0 0.34375 0.625 0.02734375 0.0765625
0 0.71875 0.40703125 0.02421875 0.08203125
0 0.67578125 0.3828125 0.02578125 0.07109375
0 0.7 0.38671875 0.02578125 0.07421875
0 0.59296875 0.36875 0.0234375 0.06953125
0 0.759375 0.45 0.021875 0.05546875
0 0.76875 0.4796875 0.021875 0.08125
0 0.81875 0.4734375 0.02265625 0.05234375
0 0.796875 0.51953125 0.02890625 0.08671875