0 0.44453125 0.9046875 0.0328125 0.01953125
0 0.49375 0.82421875 0.02578125 0.01875
0 0.43203125 0.7953125 0.02109375 0.01640625
0 0.5640625 0.853125 0.0640625 0.0234375
0 0.80078125 0.9640625 0.0375 0.0234375
0 0.50390625 0.31484375 0.01328125 0.01875
0 0.4421875 0.2921875 0.02109375 0.02265625
0 0.4109375 0.32890625 0.02265625 0.02421875
0 0.43515625 0.31328125 0.015625 0.015625
0 0.41953125 0.296875 0.0140625 0.01484375
0 0.63203125 0.6140625 0.05234375 0.0265625
0 0.49453125 0.62265625 0.0328125 0.01953125
0 0.46484375 0.621875 0.01953125 0.01875
0 0.490625 0.65078125 0.01328125 0.0140625
0 0.65078125 0.40078125 0.03984375 0.02109375
0 0.7 0.33984375 0.05625 0.02109375
0 0.71171875 0.32421875 0.06328125 0.02421875
0 0.8359375 0.36015625 0.0234375 0.02421875
0 0.6984375 0.07265625 0.01796875 0.03359375
0 0.63984375 0.02421875 0.01796875 0.01875
0 0.6140625 0.23671875 0.05 0.01796875
0 0.63046875 0.2203125 0.03203125 0.0171875
0 0.98515625 0.253125 0.0296875 0.021875
0 0.9734375 0.02734375 0.01875 0.02265625
0 0.81171875 0.77890625 0.0421875 0.02578125
0 0.83828125 0.57265625 0.0328125 0.0171875
0 0.859375 0.59296875 0.015625 0.01171875
0 0.87265625 0.5578125 0.04375 0.0203125