0 0.484375 0.575 0.00859375 0.040625
0 0.146875 0.51328125 0.021875 0.03984375
0 0.22109375 0.43984375 0.00859375 0.03046875
0 0.3734375 0.52734375 0.00859375 0.0375
0 0.38984375 0.528125 0.01171875 0.040625
0 0.17890625 0.446875 0.0125 0.028125
0 0.20078125 0.4421875 0.0109375 0.0296875
0 0.18046875 0.4171875 0.009375 0.0296875
0 0.36875 0.42109375 0.00859375 0.03203125
0 0.49375 0.575 0.0078125 0.0296875
0 0.178125 0.4796875 0.01171875 0.03671875
0 0.1671875 0.4921875 0.00859375 0.03203125
0 0.21171875 0.4171875 0.00859375 0.0171875
0 0.3859375 0.41875 0.00859375 0.028125
0 0.3765625 0.41640625 0.0078125 0.02109375