0 0.284375 0.9875 0.021875 0.025
0 0.26328125 0.9625 0.021875 0.0203125
0 0.19609375 0.91875 0.028125 0.034375
0 0.2265625 0.8640625 0.0265625 0.028125
0 0.26484375 0.346875 0.0171875 0.0125
0 0.27734375 0.78046875 0.025 0.021875
0 0.34375 0.75390625 0.01875 0.0203125
0 0.15078125 0.75859375 0.034375 0.01875
0 0.17890625 0.7859375 0.025 0.01875
0 0.1609375 0.71796875 0.0265625 0.03125
0 0.390625 0.51015625 0.028125 0.0125
0 0.33984375 0.715625 0.0234375 0.015625
0 0.36484375 0.6265625 0.0265625 0.015625
0 0.23671875 0.7015625 0.01875 0.025
0 0.30546875 0.66875 0.025 0.025
0 0.33828125 0.62734375 0.0234375 0.0171875
0 0.3421875 0.59921875 0.01875 0.01875
0 0.34609375 0.55546875 0.0265625 0.0125
0 0.3140625 0.6828125 0.0234375 0.0171875
0 0.28359375 0.746875 0.0203125 0.0265625
0 0.08125 0.63203125 0.028125 0.034375
0 0.18203125 0.66875 0.0265625 0.028125
0 0.2078125 0.6390625 0.0328125 0.01875
0 0.17421875 0.634375 0.01875 0.025
0 0.2140625 0.2328125 0.0265625 0.0171875
0 0.28671875 0.52421875 0.028125 0.0203125
0 0.29609375 0.5 0.0265625 0.0171875
0 0.32265625 0.5 0.0171875 0.0265625
0 0.196875 0.2625 0.0265625 0.01875
0 0.1625 0.23828125 0.025 0.025
0 0.1859375 0.3046875 0.0234375 0.0421875
0 0.24375 0.246875 0.021875 0.021875
0 0.165625 0.12109375 0.0203125 0.021875
0 0.16484375 0.10703125 0.025 0.021875
0 0.30703125 0.4796875 0.0125 0.0234375
0 0.3046875 0.1859375 0.0203125 0.01875
0 0.2890625 0.259375 0.0140625 0.0140625
0 0.3015625 0.7140625 0.015625 0.0265625
0 0.3859375 0.68515625 0.015625 0.0203125
0 0.39296875 0.65078125 0.015625 0.0171875
0 0.3140625 0.6046875 0.01875 0.01875
0 0.3109375 0.459375 0.021875 0.0125
0 0.2828125 0.44921875 0.01875 0.01875
0 0.346875 0.45 0.0171875 0.009375
0 0.334375 0.48671875 0.015625 0.0203125
0 0.3453125 0.47578125 0.0234375 0.0140625
0 0.33671875 0.47421875 0.0203125 0.009375
0 0.3359375 0.46328125 0.0203125 0.0125
0 0.35859375 0.47265625 0.0140625 0.0109375
0 0.33671875 0.415625 0.009375 0.0171875
0 0.32578125 0.396875 0.0109375 0.0109375
0 0.28671875 0.23046875 0.0171875 0.009375
0 0.20625 0.059375 0.0234375 0.0265625
0 0.25859375 0.0734375 0.0140625 0.0109375
0 0.2734375 0.0578125 0.0140625 0.0109375
0 0.07578125 0.07890625 0.0171875 0.0140625
0 0.328125 0.171875 0.021875 0.009375
0 0.328125 0.41015625 0.0109375 0.0125
0 0.35078125 0.403125 0.0140625 0.009375
0 0.3578125 0.409375 0.0171875 0.0125
0 0.10703125 0.98046875 0.0265625 0.03125
0 0.1 0.95625 0.04375 0.0265625
0 0.2 0.66484375 0.015625 0.0171875