0 0.065625 0.21484375 0.13125 0.2109375
0 0.13359375 0.28984375 0.165625 0.184375
0 0.2703125 0.37890625 0.1671875 0.1890625
0 0.26484375 0.09609375 0.08125 0.109375
0 0.4078125 0.13671875 0.1765625 0.271875
0 0.475 0.0890625 0.171875 0.178125
0 0.53359375 0.2546875 0.2140625 0.2296875
0 0.43046875 0.38671875 0.1484375 0.190625
0 0.6796875 0.2921875 0.184375 0.2484375
0 0.7171875 0.4703125 0.15 0.1703125
0 0.609375 0.4953125 0.1765625 0.1984375
0 0.934375 0.7390625 0.13125 0.24375
0 0.78984375 0.68515625 0.1390625 0.16875
0 0.73203125 0.84921875 0.178125 0.2296875
0 0.5609375 0.78203125 0.1234375 0.16875
0 0.52578125 0.6359375 0.1265625 0.1484375
0 0.3921875 0.8390625 0.1515625 0.228125
0 0.4828125 0.80234375 0.146875 0.2046875
0 0.434375 0.94453125 0.109375 0.1109375
0 0.3015625 0.80859375 0.159375 0.246875
0 0.3203125 0.91875 0.16875 0.1625
0 0.3203125 0.9453125 0.15 0.109375
0 0.05703125 0.44296875 0.1140625 0.2046875
0 0.1875 0.48828125 0.1578125 0.275
0 0.14609375 0.56953125 0.1375 0.1875
0 0.05625 0.58671875 0.1125 0.2609375
0 0.115625 0.809375 0.15625 0.259375