0 0.42578125 0.4484375 0.2234375 0.134375
0 0.48359375 0.296875 0.1578125 0.1140625
0 0.0296875 0.415625 0.059375 0.115625
0 0.22890625 0.44765625 0.20625 0.1421875
0 0.14921875 0.5515625 0.240625 0.1671875
0 0.8390625 0.84609375 0.234375 0.1671875
0 0.91640625 0.8921875 0.1671875 0.1375
0 0.72890625 0.92265625 0.1625 0.121875
0 0.50703125 0.95234375 0.2390625 0.0953125
0 0.35234375 0.9390625 0.1546875 0.121875
0 0.35546875 0.84296875 0.1984375 0.11875
0 0.20625 0.72265625 0.2296875 0.15
0 0.0375 0.634375 0.0609375 0.10625
0 0.12109375 0.6765625 0.19375 0.1078125
0 0.4265625 0.59921875 0.190625 0.10625
0 0.34609375 0.746875 0.1375 0.1078125
0 0.61875 0.6125 0.1875 0.121875
0 0.70703125 0.70078125 0.1609375 0.1171875
0 0.9421875 0.6953125 0.115625 0.096875
0 0.87734375 0.603125 0.1671875 0.1234375
0 0.896875 0.1125 0.1296875 0.1203125
0 0.6703125 0.26171875 0.1890625 0.1265625
0 0.7359375 0.35859375 0.1734375 0.1421875
0 0.92890625 0.3578125 0.1203125 0.0890625
0 0.840625 0.471875 0.178125 0.1015625