0 0.82578125 0.1078125 0.1625 0.140625
0 0.85859375 0.21171875 0.165625 0.15
0 0.79375 0.31953125 0.1984375 0.1515625
0 0.67109375 0.24765625 0.2203125 0.175
0 0.80390625 0.0328125 0.1390625 0.065625
0 0.528125 0.06484375 0.234375 0.1296875
0 0.44921875 0.19140625 0.2421875 0.228125
0 0.32890625 0.2109375 0.240625 0.2
0 0.290625 0.33359375 0.2140625 0.18125
0 0.5640625 0.421875 0.19375 0.140625
0 0.43203125 0.378125 0.2203125 0.19375
0 0.26328125 0.46171875 0.2125 0.1671875
0 0.18984375 0.5765625 0.20625 0.1453125
0 0.05859375 0.615625 0.1125 0.1125
0 0.06640625 0.47421875 0.1328125 0.1265625
0 0.0703125 0.28125 0.140625 0.20625
0 0.89609375 0.45078125 0.2078125 0.1671875
0 0.71171875 0.440625 0.203125 0.1453125
0 0.7390625 0.55859375 0.1875 0.1359375
0 0.6984375 0.51875 0.2 0.1578125
0 0.796875 0.60546875 0.290625 0.1828125
0 0.9421875 0.6546875 0.115625 0.159375
0 0.65703125 0.74453125 0.28125 0.25625
0 0.4890625 0.64921875 0.190625 0.1875
0 0.4140625 0.784375 0.190625 0.16875
0 0.19921875 0.978125 0.1296875 0.04375
0 0.178125 0.909375 0.1578125 0.134375
0 0.07265625 0.71015625 0.0828125 0.1046875