0 0.4796875 0.4765625 0.0140625 0.0375
0 0.503125 0.44765625 0.0125 0.0171875
0 0.515625 0.60625 0.015625 0.0296875
0 0.465625 0.57890625 0.0171875 0.0453125
0 0.165625 0.78046875 0.0234375 0.04375
0 0.13359375 0.80078125 0.025 0.0515625
0 0.4765625 0.39296875 0.0125 0.03125
0 0.4875 0.309375 0.0125 0.034375
0 0.51875 0.303125 0.0109375 0.025
0 0.75703125 0.35 0.0125 0.0203125
0 0.68125 0.178125 0.0078125 0.0125
0 0.66640625 0.175 0.009375 0.0171875
0 0.60859375 0.1578125 0.009375 0.0171875
0 0.584375 0.14921875 0.009375 0.0171875
0 0.48984375 0.13203125 0.0078125 0.0140625
0 0.4703125 0.12578125 0.009375 0.015625
0 0.509375 0.13671875 0.009375 0.0171875
0 0.4046875 0.115625 0.009375 0.0171875
0 0.39921875 0.1078125 0.009375 0.0171875
0 0.37265625 0.11328125 0.009375 0.0171875
0 0.63515625 0.29609375 0.0109375 0.028125
0 0.6296875 0.2921875 0.009375 0.021875
0 0.6125 0.29609375 0.009375 0.0203125
0 0.61640625 0.29375 0.009375 0.0171875
0 0.21171875 0.29453125 0.0109375 0.025
0 0.24296875 0.9296875 0.028125 0.053125