0 0.534375 0.1484375 0.0375 0.015625
0 0.51484375 0.1671875 0.0375 0.0125
0 0.5078125 0.17578125 0.040625 0.0125
0 0.528125 0.37421875 0.03125 0.0109375
0 0.53828125 0.39140625 0.040625 0.0171875
0 0.5734375 0.48984375 0.046875 0.0109375
0 0.5765625 0.49921875 0.0296875 0.0109375
0 0.47265625 0.19609375 0.028125 0.009375
0 0.471875 0.178125 0.0328125 0.009375
0 0.4515625 0.20859375 0.028125 0.009375
0 0.43984375 0.36328125 0.03125 0.009375
0 0.4375 0.37265625 0.0265625 0.0109375
0 0.4359375 0.38203125 0.028125 0.0109375