0 0.5234375 0.42890625 0.01875 0.0515625
0 0.62890625 0.49140625 0.0171875 0.04375
0 0.61484375 0.4828125 0.021875 0.0390625
0 0.51796875 0.4203125 0.01875 0.0265625
0 0.8296875 0.54296875 0.0171875 0.0375
0 0.84609375 0.52578125 0.0203125 0.0421875
0 0.81953125 0.5484375 0.0171875 0.0453125
0 0.79375 0.57734375 0.0171875 0.0390625
0 0.80703125 0.58046875 0.015625 0.034375
0 0.7765625 0.5765625 0.0171875 0.0390625
0 0.81171875 0.58046875 0.0125 0.0328125
0 0.81171875 0.60859375 0.0171875 0.025
0 0.6046875 0.57421875 0.015625 0.0328125
0 0.621875 0.57890625 0.0140625 0.0296875