0 0.03828125 0.47890625 0.04375 0.0234375
0 0.01015625 0.60390625 0.0203125 0.0203125
0 0.015625 0.59375 0.0296875 0.0203125
0 0.0625 0.56640625 0.0328125 0.0203125
0 0.05625 0.58125 0.0296875 0.021875
0 0.0296875 0.38203125 0.0328125 0.015625
0 0.06015625 0.28203125 0.0296875 0.015625
0 0.05078125 0.2703125 0.0265625 0.015625
0 0.05234375 0.2609375 0.0265625 0.0171875
0 0.071875 0.2703125 0.03125 0.015625
0 0.0546875 0.253125 0.0265625 0.0140625
0 0.0578125 0.2484375 0.03125 0.0171875
0 0.071875 0.246875 0.0296875 0.015625
0 0.1046875 0.240625 0.0328125 0.01875
0 0.1328125 0.16796875 0.0328125 0.015625
0 0.11328125 0.17421875 0.034375 0.015625
0 0.1140625 0.18515625 0.0328125 0.01875
0 0.11328125 0.1203125 0.0296875 0.01875
0 0.2640625 0.3703125 0.0390625 0.0171875
0 0.19609375 0.46953125 0.0265625 0.0140625
0 0.3171875 0.39453125 0.0265625 0.0140625
0 0.28671875 0.39296875 0.0375 0.0203125
0 0.43046875 0.45546875 0.03125 0.015625
0 0.428125 0.4640625 0.0328125 0.0171875
0 0.4890625 0.48125 0.0296875 0.015625
0 0.47265625 0.5875 0.0328125 0.01875
0 0.55546875 0.6015625 0.0265625 0.0140625
0 0.5484375 0.50703125 0.0265625 0.0140625
0 0.55703125 0.61015625 0.0296875 0.0171875
0 0.5203125 0.5015625 0.0296875 0.01875
0 0.60390625 0.53359375 0.0265625 0.015625
0 0.7234375 0.65 0.0265625 0.0140625
0 0.6265625 0.54765625 0.0359375 0.0171875
0 0.63125 0.53828125 0.028125 0.0140625
0 0.57421875 0.5265625 0.0265625 0.0140625
0 0.08203125 0.39921875 0.0390625 0.0171875