0 0.4328125 0.53359375 0.0515625 0.025
0 0.509375 0.62890625 0.04375 0.0234375
0 0.4984375 0.615625 0.040625 0.0265625
0 0.4234375 0.52890625 0.028125 0.021875
0 0.58828125 0.81953125 0.0375 0.021875
0 0.57421875 0.8390625 0.04375 0.025
0 0.59296875 0.81015625 0.0453125 0.0234375
0 0.61796875 0.778125 0.0390625 0.021875
0 0.62265625 0.79296875 0.034375 0.01875
0 0.6140625 0.7640625 0.0390625 0.021875
0 0.6234375 0.79765625 0.0328125 0.0171875
0 0.65078125 0.79375 0.0265625 0.0203125
0 0.590625 0.59296875 0.0328125 0.0203125
0 0.59609375 0.609375 0.0296875 0.0171875