0 0.090625 0.92578125 0.053125 0.1484375
0 0.140625 0.9046875 0.053125 0.190625
0 0.2265625 0.58828125 0.0375 0.1109375
0 0.853125 0.54296875 0.0296875 0.0859375
0 0.834375 0.54453125 0.0234375 0.0890625
0 0.2671875 0.590625 0.0296875 0.1203125
0 0.23515625 0.5578125 0.028125 0.1046875
0 0.29921875 0.53828125 0.0296875 0.08125
0 0.2875 0.5953125 0.03125 0.1234375
0 0.31171875 0.59375 0.028125 0.0765625
0 0.3359375 0.5671875 0.0265625 0.0640625
0 0.3234375 0.45625 0.021875 0.0703125
0 0.78984375 0.50234375 0.0234375 0.0828125
0 0.7046875 0.434375 0.01875 0.071875
0 0.73984375 0.49296875 0.0234375 0.0828125
0 0.7828125 0.459375 0.0171875 0.040625
0 0.74296875 0.42578125 0.0171875 0.034375
0 0.71640625 0.42265625 0.01875 0.059375
0 0.6328125 0.35703125 0.0171875 0.053125
0 0.6515625 0.36015625 0.01875 0.0625
0 0.66484375 0.38125 0.0171875 0.075
0 0.75703125 0.475 0.025 0.0703125
0 0.72421875 0.46484375 0.021875 0.0734375
0 0.32578125 0.321875 0.0140625 0.0375
0 0.55 0.3515625 0.01875 0.053125
0 0.53984375 0.3625 0.0125 0.03125
0 0.31796875 0.39296875 0.015625 0.05
0 0.33671875 0.30625 0.0203125 0.05625
0 0.6078125 0.321875 0.021875 0.046875
0 0.4890625 0.24609375 0.0140625 0.0375