0 0.5140625 0.575 0.009375 0.040625
0 0.853125 0.5171875 0.021875 0.0375
0 0.7796875 0.44375 0.009375 0.0328125
0 0.62578125 0.5296875 0.009375 0.0375
0 0.609375 0.5296875 0.0125 0.040625
0 0.821875 0.45234375 0.0125 0.028125
0 0.80546875 0.44765625 0.0125 0.0328125
0 0.82109375 0.4203125 0.009375 0.0296875
0 0.63359375 0.42421875 0.009375 0.034375
0 0.61953125 0.41796875 0.009375 0.028125
0 0.5046875 0.57734375 0.00625 0.028125
0 0.8234375 0.48515625 0.009375 0.0375
0 0.82890625 0.48984375 0.009375 0.021875