0 0.0828125 0.96015625 0.165625 0.07890625
0 0.17890625 0.890625 0.21171875 0.10234375
0 0.33359375 0.90703125 0.134375 0.1015625
0 0.10703125 0.72109375 0.1796875 0.09921875
0 0.24453125 0.715625 0.221875 0.14765625
0 0.15078125 0.5921875 0.228125 0.125
0 0.38828125 0.80859375 0.15546875 0.13203125
0 0.503125 0.58046875 0.18671875 0.15078125
0 0.42421875 0.50546875 0.2265625 0.11171875
0 0.29375 0.39765625 0.18203125 0.10546875
0 0.0828125 0.421875 0.16484375 0.0671875
0 0.30859375 0.2828125 0.25078125 0.125
0 0.5296875 0.82109375 0.09140625 0.12265625
0 0.6484375 0.8328125 0.12734375 0.10078125
0 0.70859375 0.90390625 0.146875 0.13046875
0 0.82890625 0.840625 0.14921875 0.1296875
0 0.8390625 0.696875 0.26171875 0.1265625
0 0.9125 0.8140625 0.175 0.08828125
0 0.9578125 0.85625 0.084375 0.053125
0 0.92734375 0.9203125 0.1453125 0.078125
0 0.66875 0.775 0.1390625 0.08515625
0 0.74140625 0.5796875 0.15703125 0.10078125
0 0.68046875 0.434375 0.17734375 0.10859375
0 0.5578125 0.36953125 0.16484375 0.11171875
0 0.81640625 0.346875 0.22109375 0.109375
0 0.91875 0.55546875 0.1453125 0.08359375
0 0.62265625 0.07109375 0.1546875 0.1421875
0 0.56796875 0.1828125 0.15546875 0.13046875
0 0.66953125 0.2640625 0.20078125 0.10390625