0 0.43125 0.48515625 0.0421875 0.0109375
0 0.4265625 0.4921875 0.025 0.0109375
0 0.47421875 0.36953125 0.0375 0.0125
0 0.4703125 0.38515625 0.040625 0.0078125
0 0.54765625 0.36953125 0.025 0.0078125
0 0.53984375 0.37421875 0.028125 0.0078125
0 0.5421875 0.37890625 0.025 0.0078125
0 0.53515625 0.17734375 0.025 0.0078125
0 0.5359375 0.18828125 0.025 0.0125
0 0.5328125 0.21328125 0.028125 0.0078125
0 0.5375 0.1953125 0.028125 0.0078125
0 0.5328125 0.19921875 0.028125 0.0078125
0 0.50078125 0.165625 0.0328125 0.0125
0 0.5 0.17421875 0.0328125 0.0125
0 0.515625 0.17421875 0.0125 0.0109375
0 0.55625 0.1796875 0.01875 0.0109375