0 0.37890625 0.12578125 0.02421875 0.0359375
0 0.29765625 0.171875 0.0234375 0.03046875
0 0.334375 0.1625 0.02109375 0.0265625
0 0.2875 0.2078125 0.02265625 0.02734375
0 0.3375 0.19609375 0.021875 0.02578125
0 0.365625 0.171875 0.02734375 0.040625
0 0.434375 0.13203125 0.015625 0.03515625
0 0.49296875 0.15703125 0.025 0.02734375
0 0.51640625 0.17734375 0.01796875 0.03125
0 0.29453125 0.290625 0.01796875 0.02890625
0 0.30390625 0.3421875 0.0265625 0.03515625
0 0.32890625 0.29296875 0.02265625 0.0265625
0 0.35078125 0.2828125 0.02421875 0.02421875
0 0.184375 0.7796875 0.03046875 0.03515625
0 0.20078125 0.8625 0.0203125 0.04140625
0 0.171875 0.865625 0.025 0.02890625
0 0.39375 0.678125 0.034375 0.04140625
0 0.4625 0.57265625 0.02421875 0.025
0 0.36875 0.53984375 0.02265625 0.02109375
0 0.509375 0.58203125 0.02109375 0.0265625
0 0.375 0.4359375 0.02109375 0.034375
0 0.3765625 0.384375 0.025 0.034375
0 0.3890625 0.40234375 0.025 0.02734375
0 0.415625 0.4265625 0.028125 0.03359375
0 0.4078125 0.4734375 0.02578125 0.0296875
0 0.39296875 0.52265625 0.02890625 0.0234375
0 0.4984375 0.49609375 0.01640625 0.03984375
0 0.52421875 0.48046875 0.025 0.03203125
0 0.44375 0.496875 0.025 0.03125
0 0.46484375 0.46796875 0.03046875 0.01953125
0 0.42578125 0.503125 0.021875 0.02265625
0 0.425 0.36953125 0.02265625 0.02578125
0 0.46953125 0.38828125 0.0171875 0.02109375
0 0.49609375 0.384375 0.0203125 0.025
0 0.4453125 0.41953125 0.02265625 0.0234375
0 0.43359375 0.20546875 0.02578125 0.028125
0 0.39765625 0.23828125 0.02265625 0.0328125
0 0.4140625 0.25390625 0.02890625 0.028125
0 0.44453125 0.24140625 0.02578125 0.028125
0 0.51328125 0.27734375 0.02109375 0.03203125
0 0.45625 0.3296875 0.0203125 0.0296875
0 0.47421875 0.28046875 0.01953125 0.02578125
0 0.490625 0.25390625 0.01328125 0.02421875
0 0.27734375 0.2625 0.021875 0.06171875
0 0.3546875 0.32265625 0.0234375 0.0203125
0 0.41953125 0.3078125 0.028125 0.03046875
0 0.50390625 0.31796875 0.0203125 0.028125
0 0.5296875 0.3375 0.01953125 0.03046875
0 0.5875 0.53515625 0.02109375 0.02734375
0 0.6 0.503125 0.02421875 0.028125
0 0.60859375 0.57578125 0.01953125 0.03046875
0 0.7140625 0.5734375 0.02265625 0.02734375
0 0.159375 0.83046875 0.03203125 0.028125
0 0.7609375 0.54140625 0.02578125 0.03046875
0 0.73671875 0.83984375 0.02109375 0.0265625
0 0.728125 0.7609375 0.025 0.03046875
0 0.7546875 0.83515625 0.0234375 0.040625
0 0.75625 0.7921875 0.0265625 0.04140625
0 0.76171875 0.73984375 0.0265625 0.0265625
0 0.79296875 0.66328125 0.02734375 0.03125
0 0.86328125 0.5734375 0.025 0.03515625
0 0.803125 0.77265625 0.0203125 0.025
0 0.8046875 0.7359375 0.0265625 0.03203125
0 0.8078125 0.71171875 0.02109375 0.028125
0 0.85 0.653125 0.01796875 0.034375
0 0.8953125 0.6546875 0.01875 0.0359375
0 0.746875 0.41484375 0.025 0.03203125
0 0.63515625 0.4125 0.02578125 0.0328125
0 0.5890625 0.41328125 0.01953125 0.021875
0 0.5890625 0.29296875 0.0203125 0.02578125
0 0.5875 0.20546875 0.0234375 0.02421875
0 0.54453125 0.25859375 0.02265625 0.02265625
0 0.5578125 0.284375 0.02109375 0.03515625
0 0.78125 0.32734375 0.021875 0.0359375
0 0.7765625 0.2953125 0.021875 0.0234375
0 0.803125 0.26484375 0.0296875 0.028125
0 0.82421875 0.20078125 0.02578125 0.0375
0 0.79453125 0.17109375 0.02109375 0.028125
0 0.7359375 0.1296875 0.02265625 0.04140625
0 0.734375 0.21015625 0.0234375 0.0328125
0 0.7140625 0.18125 0.02109375 0.028125
0 0.6921875 0.2046875 0.028125 0.04140625
0 0.55 0.021875 0.0265625 0.0375
0 0.55078125 0.0640625 0.02265625 0.03515625
0 0.528125 0.04375 0.025 0.03125
0 0.5203125 0.071875 0.01875 0.03984375
0 0.678125 0.0921875 0.02734375 0.03671875
0 0.621875 0.084375 0.02421875 0.0359375
0 0.59765625 0.11796875 0.02109375 0.03671875
0 0.60703125 0.03671875 0.01484375 0.034375
0 0.5828125 0.05 0.02421875 0.02109375
0 0.57109375 0.084375 0.02421875 0.02578125
0 0.61796875 0.11640625 0.01796875 0.0296875
0 0.6125 0.1546875 0.021875 0.03984375
0 0.63125 0.0203125 0.015625 0.028125
0 0.64921875 0.00703125 0.02265625 0.01328125
0 0.66875 0.10703125 0.02109375 0.02421875
0 0.79453125 0.07890625 0.02421875 0.034375
0 0.77578125 0.1234375 0.0140625 0.03359375
0 0.76796875 0.0578125 0.0203125 0.02265625
0 0.75859375 0.01796875 0.0171875 0.0296875
0 0.64921875 0.1875 0.01640625 0.01796875
0 0.6515625 0.21015625 0.02109375 0.028125
0 0.63125 0.190625 0.0171875 0.02265625
0 0.63203125 0.165625 0.01953125 0.0234375
0 0.64609375 0.1703125 0.01328125 0.02265625
0 0.6578125 0.3703125 0.01640625 0.0390625
0 0.675 0.35 0.02265625 0.02734375
0 0.6890625 0.375 0.01796875 0.02421875
0 0.68828125 0.40859375 0.015625 0.02578125
0 0.66015625 0.31953125 0.02109375 0.03125
0 0.63984375 0.3578125 0.01875 0.0234375
0 0.71875 0.353125 0.021875 0.0265625
0 0.73125 0.3328125 0.0203125 0.02578125
0 0.6421875 0.29609375 0.02109375 0.0265625
0 0.628125 0.26953125 0.01953125 0.02734375
0 0.61484375 0.2828125 0.01796875 0.02265625
0 0.66328125 0.24921875 0.01640625 0.021875
0 0.67421875 0.26875 0.01953125 0.02578125
0 0.68984375 0.28515625 0.015625 0.028125
0 0.73984375 0.0140625 0.015625 0.028125