0 0.27265625 0.8796875 0.03046875 0.1296875
0 0.13046875 0.8375 0.02578125 0.0828125
0 0.25703125 0.81875 0.0265625 0.09609375
0 0.25625 0.75859375 0.0171875 0.0265625
0 0.15703125 0.5984375 0.01484375 0.05859375
0 0.10078125 0.5375 0.01171875 0.0453125
0 0.14296875 0.59375 0.01328125 0.05859375
0 0.09921875 0.61640625 0.015625 0.05859375
0 0.28828125 0.70234375 0.01796875 0.08359375
0 0.22421875 0.6609375 0.0203125 0.0484375
0 0.08828125 0.6453125 0.0171875 0.0546875
0 0.26796875 0.6515625 0.02265625 0.04140625
0 0.30703125 0.96640625 0.02734375 0.0671875
0 0.33203125 0.9421875 0.0296875 0.0765625
0 0.35859375 0.91171875 0.028125 0.0703125
0 0.375 0.9046875 0.025 0.059375
0 0.390625 0.8484375 0.01796875 0.0546875
0 0.41640625 0.8453125 0.01953125 0.096875
0 0.396875 0.88671875 0.0265625 0.05390625
0 0.3375 0.5078125 0.01015625 0.0421875
0 0.49375 0.51171875 0.00859375 0.0453125
0 0.31484375 0.4703125 0.01015625 0.04296875
0 0.30078125 0.46953125 0.0125 0.040625
0 0.30078125 0.4359375 0.0109375 0.0203125
0 0.3375 0.446875 0.009375 0.0234375
0 0.33515625 0.46640625 0.0109375 0.021875
0 0.45078125 0.86484375 0.021875 0.06640625
0 0.4609375 0.84453125 0.0234375 0.04453125
0 0.4859375 0.7671875 0.0140625 0.0359375
0 0.50859375 0.75703125 0.015625 0.04375
0 0.484375 0.81015625 0.01953125 0.0515625
0 0.5078125 0.7953125 0.0203125 0.04921875
0 0.5609375 0.73046875 0.0109375 0.02578125
0 0.5734375 0.74609375 0.0203125 0.04140625
0 0.5984375 0.72265625 0.0140625 0.0421875
0 0.54921875 0.7765625 0.0140625 0.03046875
0 0.68203125 0.62109375 0.0140625 0.0578125
0 0.67421875 0.62734375 0.01953125 0.0328125
0 0.67421875 0.6609375 0.015625 0.0484375
0 0.49375 0.59765625 0.01640625 0.03125
0 0.48203125 0.64765625 0.0140625 0.0625
0 0.49140625 0.665625 0.015625 0.06484375
0 0.50703125 0.696875 0.01796875 0.084375
0 0.49375 0.62421875 0.0125 0.025
0 0.5046875 0.63671875 0.01171875 0.028125
0 0.5640625 0.6859375 0.01796875 0.05
0 0.646875 0.62265625 0.015625 0.03203125
0 0.63671875 0.70390625 0.01953125 0.05078125
0 0.65625 0.68046875 0.01953125 0.05
0 0.63984375 0.6734375 0.0140625 0.02890625
0 0.9296875 0.5671875 0.0140625 0.0578125
0 0.85 0.5953125 0.01953125 0.05
0 0.97265625 0.553125 0.01328125 0.05234375
0 0.9921875 0.565625 0.015625 0.05625
0 0.99609375 0.46796875 0.0078125 0.0390625
0 0.86171875 0.5953125 0.0125 0.04453125
0 0.896875 0.58671875 0.015625 0.0609375
0 0.91953125 0.56484375 0.01171875 0.04765625
0 0.78203125 0.5109375 0.0125 0.04296875
0 0.75 0.49921875 0.0140625 0.04296875
0 0.759375 0.496875 0.01015625 0.0375
0 0.76953125 0.48984375 0.0125 0.03515625