0 0.8484375 0.98203125 0.175 0.0359375
0 0.76328125 0.93125 0.225 0.13125
0 0.6078125 0.9265625 0.146875 0.11875
0 0.85859375 0.7734375 0.1921875 0.1234375
0 0.72265625 0.74921875 0.240625 0.1765625
0 0.8328125 0.63984375 0.24375 0.15625
0 0.56796875 0.82109375 0.1734375 0.1515625
0 0.4859375 0.57890625 0.20625 0.175
0 0.57421875 0.515625 0.240625 0.1421875
0 0.71875 0.42734375 0.19375 0.1296875
0 0.91875 0.48046875 0.1625 0.0890625
0 0.71953125 0.31171875 0.265625 0.1578125
0 0.42578125 0.8140625 0.10625 0.1328125
0 0.30703125 0.80859375 0.140625 0.1171875
0 0.2375 0.87109375 0.1640625 0.15
0 0.1265625 0.79140625 0.1671875 0.15
0 0.1375 0.646875 0.275 0.1625
0 0.0703125 0.75390625 0.140625 0.1109375
0 0.02109375 0.78828125 0.0421875 0.0640625
0 0.04765625 0.85625 0.0953125 0.096875
0 0.29453125 0.74921875 0.15 0.103125
0 0.25 0.5453125 0.16875 0.1203125
0 0.33046875 0.41015625 0.1921875 0.1328125
0 0.4609375 0.3625 0.1796875 0.134375
0 0.2078125 0.3046875 0.234375 0.1390625
0 0.07734375 0.496875 0.1546875 0.103125
0 0.43828125 0.06953125 0.1734375 0.1390625
0 0.4765625 0.1765625 0.1734375 0.1515625
0 0.36484375 0.24296875 0.2125 0.1296875