0 0.5375 0.55 0.1828125 0.1203125
0 0.81171875 0.50390625 0.190625 0.13125
0 0.809375 0.603125 0.2015625 0.1640625
0 0.775 0.375 0.240625 0.2078125
0 0.91328125 0.27890625 0.103125 0.121875
0 0.921875 0.34921875 0.125 0.1109375
0 0.9203125 0.40078125 0.1578125 0.1265625
0 0.9078125 0.7046875 0.184375 0.159375
0 0.98671875 0.82421875 0.0265625 0.0828125
0 0.896875 0.83671875 0.203125 0.1515625
0 0.69375 0.91484375 0.25625 0.1609375
0 0.53984375 0.95859375 0.1734375 0.0828125
0 0.47421875 0.77265625 0.19375 0.13125
0 0.43046875 0.915625 0.2421875 0.16875
0 0.2875 0.775 0.18125 0.1328125
0 0.35078125 0.66796875 0.2046875 0.159375
0 0.28984375 0.90078125 0.1640625 0.1796875
0 0.1546875 0.6671875 0.1828125 0.128125
0 0.2296875 0.36171875 0.2859375 0.1890625
0 0.1171875 0.4375 0.21875 0.1640625
0 0.178125 0.52734375 0.16875 0.1453125
0 0.56875 0.26484375 0.2 0.1640625
0 0.51171875 0.40234375 0.18125 0.1859375
0 0.775 0.17734375 0.19375 0.1640625