0 0.72109375 0.19375 0.0171875 0.0296875
0 0.7265625 0.1078125 0.0234375 0.0421875
0 0.83046875 0.17265625 0.028125 0.0265625
0 0.79140625 0.05703125 0.01875 0.0453125
0 0.6953125 0.29453125 0.0171875 0.0203125
0 0.671875 0.14765625 0.0203125 0.0203125
0 0.61171875 0.16328125 0.0171875 0.0265625
0 0.5890625 0.23671875 0.0171875 0.028125
0 0.5 0.2890625 0.015625 0.0265625
0 0.55390625 0.26953125 0.01875 0.0265625
0 0.56328125 0.203125 0.015625 0.0234375
0 0.59921875 0.29296875 0.0171875 0.0203125
0 0.4359375 0.1875 0.015625 0.0296875
0 0.3953125 0.2140625 0.015625 0.0328125
0 0.421875 0.221875 0.01875 0.0265625
0 0.42578125 0.178125 0.0125 0.0265625
0 0.3875 0.26171875 0.01875 0.021875
0 0.4234375 0.28203125 0.0234375 0.0203125
0 0.40859375 0.26796875 0.01875 0.0203125
0 0.39609375 0.3484375 0.015625 0.021875
0 0.63359375 0.3203125 0.0109375 0.0171875
0 0.39609375 0.33046875 0.0140625 0.0234375
0 0.3890625 0.3078125 0.015625 0.0296875
0 0.3765625 0.32109375 0.0140625 0.0265625
0 0.35 0.2796875 0.015625 0.03125
0 0.15625 0.253125 0.0140625 0.03125
0 0.28046875 0.33828125 0.0125 0.0296875
0 0.29296875 0.33203125 0.0125 0.0265625
0 0.30625 0.22265625 0.0328125 0.0265625
0 0.36171875 0.33984375 0.0140625 0.0171875
0 0.025 0.35859375 0.0125 0.0296875
0 0.06796875 0.3421875 0.0125 0.0265625