0 0.13125 0.57421875 0.20625 0.125
0 0.15546875 0.50703125 0.1625 0.109375
0 0.05 0.32578125 0.0875 0.096875
0 0.1640625 0.37734375 0.19375 0.109375
0 0.35078125 0.39140625 0.18125 0.125
0 0.3921875 0.3421875 0.178125 0.0953125
0 0.33046875 0.47109375 0.21875 0.0921875
0 0.403125 0.55078125 0.1546875 0.1078125
0 0.2859375 0.6109375 0.1609375 0.1453125
0 0.084375 0.03203125 0.125 0.0640625
0 0.03515625 0.18984375 0.0453125 0.109375
0 0.19765625 0.1765625 0.2046875 0.1421875
0 0.28203125 0.26875 0.16875 0.1265625
0 0.5734375 0.22109375 0.2890625 0.1609375
0 0.903125 0.090625 0.19375 0.13125
0 0.97421875 0.259375 0.0515625 0.10625
0 0.78671875 0.33046875 0.190625 0.11875
0 0.61015625 0.38359375 0.2109375 0.1484375
0 0.09609375 0.7375 0.1921875 0.115625
0 0.3171875 0.7515625 0.215625 0.1125
0 0.159375 0.8625 0.278125 0.1453125
0 0.015625 0.790625 0.03125 0.090625
0 0.2875 0.97109375 0.1578125 0.0453125
0 0.5234375 0.84765625 0.209375 0.1734375
0 0.58984375 0.740625 0.1921875 0.1578125
0 0.50546875 0.65234375 0.2265625 0.134375
0 0.7296875 0.66171875 0.18125 0.146875
0 0.85546875 0.57109375 0.2453125 0.1203125
0 0.93828125 0.60625 0.115625 0.08125
0 0.92265625 0.71640625 0.1375 0.0875
0 0.95703125 0.8296875 0.05625 0.0765625
0 0.784375 0.9203125 0.19375 0.1375