0 0.725 0.18359375 0.125 0.025
0 0.73359375 0.15859375 0.109375 0.0390625
0 0.959375 0.0640625 0.08125 0.040625
0 0.85 0.85234375 0.06875 0.028125
0 0.8578125 0.86796875 0.08125 0.0203125
0 0.915625 0.85859375 0.1015625 0.021875
0 0.759375 0.78203125 0.121875 0.025
0 0.77265625 0.84375 0.1140625 0.040625
0 0.7328125 0.80625 0.11875 0.028125
0 0.75859375 0.82421875 0.10625 0.028125
0 0.71171875 0.8328125 0.046875 0.0171875
0 0.91484375 0.834375 0.06875 0.03125
0 0.5375 0.24140625 0.0765625 0.021875
0 0.53046875 0.6984375 0.0625 0.01875
0 0.509375 0.659375 0.071875 0.015625
0 0.528125 0.24765625 0.0875 0.01875
0 0.5 0.2921875 0.040625 0.01875
0 0.5421875 0.26484375 0.078125 0.0125
0 0.55859375 0.27578125 0.0859375 0.015625
0 0.5125 0.325 0.040625 0.01875
0 0.5453125 0.2984375 0.053125 0.01875
0 0.54375 0.3203125 0.075 0.025
0 0.54296875 0.28984375 0.0703125 0.01875
0 0.46875 0.6234375 0.065625 0.015625
0 0.4296875 0.63125 0.034375 0.0171875
0 0.3359375 0.328125 0.0421875 0.009375
0 0.44765625 0.3140625 0.05625 0.009375
0 0.34765625 0.37265625 0.04375 0.009375
0 0.3625 0.51171875 0.03125 0.009375
0 0.3609375 0.51953125 0.04375 0.0125
0 0.36953125 0.328125 0.05 0.0125
0 0.4953125 0.66640625 0.084375 0.0140625
0 0.4484375 0.6453125 0.04375 0.015625
0 0.50078125 0.64765625 0.075 0.015625
0 0.3828125 0.5921875 0.0515625 0.0109375
0 0.403125 0.6 0.05625 0.009375
0 0.59609375 0.30390625 0.065625 0.0265625