0 0.89921875 0.60546875 0.1859375 0.1859375
0 0.21015625 0.740625 0.240625 0.1921875
0 0.4140625 0.60703125 0.16875 0.1609375
0 0.22890625 0.9171875 0.2203125 0.165625
0 0.51796875 0.915625 0.1671875 0.165625
0 0.33828125 0.95390625 0.2234375 0.0921875
0 0.70390625 0.875 0.228125 0.178125
0 0.6859375 0.69765625 0.2 0.1796875
0 0.79140625 0.75703125 0.2 0.1609375
0 0.44296875 0.70234375 0.171875 0.1484375
0 0.92578125 0.83671875 0.1484375 0.1328125
0 0.60546875 0.7921875 0.171875 0.15625
0 0.553125 0.58984375 0.1671875 0.1375
0 0.28828125 0.48046875 0.2765625 0.1859375
0 0.071875 0.55390625 0.14375 0.1734375
0 0.0484375 0.30078125 0.096875 0.1421875
0 0.03046875 0.39609375 0.0609375 0.1328125
0 0.5484375 0.0796875 0.19375 0.14375
0 0.5828125 0.1578125 0.215625 0.1453125
0 0.60078125 0.2546875 0.203125 0.1671875
0 0.778125 0.0453125 0.2 0.090625
0 0.8734375 0.203125 0.140625 0.153125
0 0.8125 0.26953125 0.2203125 0.165625
0 0.5 0.31875 0.184375 0.140625
0 0.1765625 0.36015625 0.2203125 0.18125
0 0.96171875 0.47265625 0.0765625 0.1453125
0 0.73203125 0.46640625 0.165625 0.1171875
0 0.634375 0.3921875 0.1546875 0.1484375
0 0.75625 0.36171875 0.1828125 0.14375
0 0.90078125 0.33984375 0.159375 0.13125