0 0.44453125 0.1296875 0.1078125 0.1671875
0 0.54921875 0.24140625 0.096875 0.1984375
0 0.5265625 0.07109375 0.10625 0.1421875
0 0.396875 0.3421875 0.1 0.1734375
0 0.2921875 0.31875 0.13125 0.1609375
0 0.24921875 0.44375 0.1421875 0.1578125
0 0.12578125 0.42421875 0.128125 0.1890625
0 0.23828125 0.684375 0.0890625 0.1703125
0 0.61328125 0.525 0.1328125 0.16875
0 0.721875 0.121875 0.103125 0.24375
0 0.70234375 0.409375 0.1 0.20625
0 0.315625 0.7265625 0.084375 0.190625
0 0.07421875 0.54921875 0.1484375 0.1140625
0 0.13125 0.675 0.1578125 0.16875
0 0.10625 0.83203125 0.184375 0.1703125
0 0.28671875 0.8765625 0.1375 0.128125
0 0.4125 0.94609375 0.109375 0.1078125
0 0.38515625 0.63203125 0.1046875 0.1265625
0 0.4421875 0.72890625 0.103125 0.1125
0 0.484375 0.865625 0.1109375 0.1578125
0 0.54921875 0.69609375 0.0828125 0.115625
0 0.63671875 0.73515625 0.109375 0.1828125
0 0.6796875 0.90234375 0.115625 0.1484375
0 0.91328125 0.58203125 0.140625 0.153125
0 0.83515625 0.38828125 0.175 0.2265625
0 0.95546875 0.421875 0.0890625 0.165625
0 0.7671875 0.81171875 0.0953125 0.1484375
0 0.796875 0.62734375 0.11875 0.1328125
0 0.87109375 0.85703125 0.121875 0.1828125