0 0.15546875 0.9046875 0.06328125 0.18984375
0 0.21953125 0.91171875 0.04609375 0.17578125
0 0.171875 0.82265625 0.0515625 0.15859375
0 0.65390625 0.94140625 0.06640625 0.1171875
0 0.44921875 0.571875 0.04453125 0.11328125
0 0.28984375 0.7765625 0.0421875 0.090625
0 0.33125 0.6 0.0265625 0.11015625
0 0.33828125 0.4796875 0.025 0.09375
0 0.74375 0.43515625 0.02265625 0.07265625
0 0.34453125 0.36015625 0.021875 0.06953125
0 0.3125 0.5234375 0.02421875 0.09609375
0 0.9796875 0.71640625 0.03984375 0.1296875
0 0.871875 0.5890625 0.03359375 0.12265625
0 0.9546875 0.6140625 0.0296875 0.11953125
0 0.77265625 0.4390625 0.0265625 0.0828125
0 0.8046875 0.48203125 0.01953125 0.0984375
0 0.85390625 0.55546875 0.02734375 0.10859375
0 0.8453125 0.50859375 0.01875 0.04296875
0 0.89609375 0.6203125 0.02578125 0.1125
0 0.9078125 0.54453125 0.021875 0.04140625
0 0.92265625 0.621875 0.034375 0.11796875
0 0.51171875 0.28671875 0.0171875 0.04296875
0 0.65234375 0.4453125 0.02734375 0.0859375
0 0.340625 0.8765625 0.03359375 0.10234375
0 0.2609375 0.953125 0.04921875 0.09375
0 0.27734375 0.8625 0.03671875 0.10546875
0 0.3578125 0.84296875 0.0390625 0.10390625
0 0.37734375 0.390625 0.02265625 0.07265625
0 0.70078125 0.3921875 0.01953125 0.05
0 0.66328125 0.34453125 0.01875 0.05859375