0 0.190625 0.096875 0.1515625 0.140625
0 0.3625 0.4015625 0.1109375 0.16875
0 0.40625 0.22265625 0.1234375 0.1765625
0 0.2640625 0.45 0.140625 0.196875
0 0.44140625 0.090625 0.1421875 0.1359375
0 0.5484375 0.26796875 0.1171875 0.1859375
0 0.675 0.12578125 0.1421875 0.1921875
0 0.1109375 0.5828125 0.1140625 0.1640625
0 0.21015625 0.58359375 0.13125 0.1546875
0 0.10234375 0.73515625 0.1671875 0.1453125
0 0.1796875 0.859375 0.19375 0.18125
0 0.18515625 0.95703125 0.1921875 0.0859375
0 0.3359375 0.95 0.1125 0.1
0 0.2890625 0.79921875 0.08125 0.2140625
0 0.353125 0.79296875 0.1265625 0.2296875
0 0.4890625 0.91015625 0.121875 0.146875
0 0.60703125 0.48671875 0.1296875 0.140625
0 0.55078125 0.67421875 0.1109375 0.128125
0 0.434375 0.6421875 0.11875 0.14375
0 0.465625 0.7796875 0.1265625 0.134375
0 0.809375 0.2671875 0.1671875 0.178125
0 0.93359375 0.3296875 0.1203125 0.1984375
0 0.7109375 0.43125 0.1265625 0.1859375
0 0.71484375 0.67109375 0.1328125 0.159375
0 0.74609375 0.87421875 0.153125 0.2109375
0 0.59140625 0.94453125 0.1078125 0.10625
0 0.9015625 0.8890625 0.1359375 0.14375
0 0.9359375 0.525 0.1125 0.1703125
0 0.9140625 0.71171875 0.128125 0.128125
0 0.81484375 0.7390625 0.109375 0.1703125
0 0.90625 0.6546875 0.1140625 0.1296875