0 0.53671875 0.43359375 0.01875 0.04375
0 0.809375 0.6109375 0.015625 0.0328125
0 0.84140625 0.596875 0.025 0.0375
0 0.74609375 0.64921875 0.0140625 0.028125
0 0.628125 0.50859375 0.0203125 0.034375
0 0.6125 0.50625 0.0171875 0.0375
0 0.53046875 0.42890625 0.015625 0.025
0 0.60546875 0.6203125 0.0109375 0.0203125
0 0.5953125 0.625 0.0125 0.025
0 0.5828125 0.62265625 0.0140625 0.0203125
0 0.78359375 0.66484375 0.0109375 0.01875
0 0.76171875 0.64375 0.0140625 0.0265625
0 0.778125 0.68046875 0.0109375 0.0171875
0 0.775 0.646875 0.015625 0.0328125
0 0.8 0.6171875 0.0203125 0.0359375
0 0.7359375 0.65390625 0.0125 0.0234375
0 0.7890625 0.646875 0.0140625 0.025